frequency,raw,error,smoothed,error_smoothed,equalization,parametric_eq,fixed_band_eq,equalized_raw,equalized_smoothed,target
20.00,16.00,4.48,16.00,4.49,-4.52,-4.53,-2.19,11.48,11.48,11.52
20.20,16.01,4.47,16.00,4.47,-4.46,-4.59,-2.26,11.54,11.54,11.53
20.40,16.00,4.45,15.99,4.44,-4.42,-4.65,-2.32,11.58,11.58,11.55
20.61,15.98,4.41,15.97,4.40,-4.37,-4.62,-2.39,11.60,11.60,11.57
20.81,15.93,4.35,15.93,4.35,-4.34,-4.59,-2.46,11.59,11.59,11.58
21.02,15.88,4.31,15.89,4.31,-4.31,-4.52,-2.53,11.57,11.57,11.58
21.23,15.84,4.27,15.84,4.27,-4.29,-4.44,-2.60,11.55,11.55,11.57
21.44,15.80,4.25,15.80,4.25,-4.28,-4.37,-2.67,11.53,11.53,11.55
21.66,15.78,4.25,15.78,4.25,-4.27,-4.30,-2.75,11.52,11.51,11.53
21.87,15.77,4.26,15.77,4.26,-4.27,-4.25,-2.83,11.50,11.50,11.51
22.09,15.76,4.28,15.76,4.28,-4.27,-4.20,-2.91,11.49,11.49,11.49
22.31,15.76,4.30,15.76,4.30,-4.29,-4.17,-2.99,11.48,11.48,11.47
22.54,15.77,4.32,15.77,4.32,-4.30,-4.15,-3.08,11.46,11.46,11.45
22.76,15.76,4.33,15.76,4.33,-4.32,-4.14,-3.17,11.45,11.45,11.43
22.99,15.76,4.34,15.76,4.34,-4.33,-4.14,-3.25,11.43,11.43,11.42
23.22,15.74,4.34,15.74,4.34,-4.34,-4.15,-3.35,11.41,11.41,11.40
23.45,15.73,4.34,15.73,4.34,-4.34,-4.17,-3.44,11.39,11.39,11.39
23.69,15.72,4.34,15.72,4.34,-4.35,-4.19,-3.54,11.38,11.38,11.38
23.92,15.72,4.35,15.72,4.35,-4.36,-4.22,-3.63,11.37,11.37,11.37
24.16,15.73,4.36,15.73,4.36,-4.37,-4.25,-3.73,11.36,11.36,11.37
24.40,15.74,4.37,15.74,4.37,-4.38,-4.29,-3.83,11.36,11.36,11.37
24.65,15.77,4.39,15.77,4.39,-4.40,-4.32,-3.94,11.36,11.36,11.37
24.89,15.79,4.42,15.79,4.42,-4.42,-4.36,-4.04,11.37,11.37,11.37
25.14,15.82,4.45,15.82,4.45,-4.44,-4.41,-4.14,11.37,11.37,11.37
25.39,15.84,4.48,15.83,4.47,-4.46,-4.45,-4.25,11.37,11.37,11.36
25.65,15.85,4.49,15.85,4.49,-4.48,-4.49,-4.36,11.37,11.37,11.35
25.91,15.85,4.51,15.85,4.51,-4.49,-4.53,-4.46,11.36,11.36,11.35
26.16,15.86,4.51,15.85,4.51,-4.50,-4.57,-4.57,11.36,11.35,11.34
26.43,15.85,4.51,15.85,4.51,-4.51,-4.61,-4.68,11.35,11.35,11.34
26.69,15.85,4.51,15.85,4.51,-4.52,-4.65,-4.78,11.34,11.34,11.34
26.96,15.85,4.52,15.85,4.52,-4.53,-4.68,-4.88,11.32,11.32,11.34
27.23,15.86,4.53,15.86,4.53,-4.55,-4.72,-4.99,11.31,11.31,11.33
27.50,15.87,4.56,15.87,4.56,-4.58,-4.75,-5.09,11.29,11.29,11.31
27.77,15.88,4.60,15.88,4.60,-4.61,-4.77,-5.18,11.27,11.27,11.28
28.05,15.89,4.65,15.89,4.65,-4.65,-4.80,-5.28,11.24,11.24,11.24
28.33,15.89,4.70,15.89,4.70,-4.70,-4.82,-5.37,11.20,11.20,11.19
28.62,15.90,4.75,15.89,4.75,-4.75,-4.84,-5.46,11.15,11.15,11.14
28.90,15.89,4.80,15.89,4.80,-4.80,-4.86,-5.54,11.09,11.09,11.09
29.19,15.89,4.85,15.89,4.85,-4.85,-4.87,-5.61,11.04,11.04,11.04
29.48,15.88,4.89,15.88,4.89,-4.90,-4.89,-5.68,10.98,10.98,10.99
29.78,15.88,4.94,15.88,4.94,-4.95,-4.90,-5.75,10.93,10.93,10.94
30.08,15.88,4.99,15.88,4.99,-4.99,-4.91,-5.80,10.89,10.89,10.89
30.38,15.88,5.03,15.88,5.03,-5.02,-4.91,-5.85,10.86,10.86,10.85
30.68,15.88,5.07,15.88,5.06,-5.05,-4.92,-5.89,10.83,10.83,10.81
30.99,15.87,5.08,15.86,5.08,-5.07,-4.92,-5.93,10.80,10.80,10.78
31.30,15.85,5.09,15.84,5.09,-5.08,-4.93,-5.96,10.77,10.77,10.76
31.61,15.82,5.08,15.82,5.08,-5.08,-4.93,-5.98,10.74,10.74,10.74
31.93,15.79,5.06,15.79,5.06,-5.07,-4.93,-5.99,10.72,10.72,10.73
32.24,15.76,5.04,15.76,5.05,-5.06,-4.93,-6.00,10.70,10.70,10.71
32.57,15.72,5.03,15.73,5.03,-5.04,-4.94,-5.99,10.69,10.69,10.70
32.89,15.70,5.02,15.70,5.02,-5.01,-4.94,-5.98,10.68,10.68,10.68
33.22,15.67,5.00,15.67,5.00,-4.99,-4.94,-5.97,10.68,10.68,10.67
33.55,15.64,4.98,15.63,4.98,-4.96,-4.94,-5.95,10.68,10.68,10.66
33.89,15.60,4.94,15.60,4.94,-4.93,-4.95,-5.92,10.67,10.67,10.65
34.23,15.56,4.90,15.56,4.90,-4.90,-4.95,-5.89,10.65,10.65,10.65
34.57,15.52,4.87,15.52,4.87,-4.88,-4.95,-5.85,10.63,10.63,10.65
34.92,15.48,4.84,15.48,4.85,-4.87,-4.96,-5.82,10.61,10.61,10.64
35.27,15.46,4.84,15.46,4.84,-4.87,-4.97,-5.77,10.59,10.59,10.62
35.62,15.44,4.85,15.44,4.86,-4.87,-4.97,-5.73,10.57,10.57,10.58
35.97,15.42,4.88,15.42,4.88,-4.88,-4.98,-5.68,10.54,10.54,10.54
36.33,15.41,4.92,15.41,4.91,-4.90,-4.99,-5.64,10.51,10.51,10.49
36.70,15.39,4.94,15.39,4.94,-4.92,-4.99,-5.59,10.47,10.47,10.45
37.06,15.37,4.96,15.37,4.96,-4.94,-5.00,-5.54,10.43,10.43,10.41
37.43,15.35,4.97,15.36,4.97,-4.96,-5.01,-5.49,10.40,10.40,10.39
37.81,15.34,4.98,15.34,4.98,-4.98,-5.02,-5.44,10.36,10.36,10.36
38.19,15.32,4.98,15.32,4.98,-5.00,-5.03,-5.39,10.33,10.32,10.34
38.57,15.30,5.00,15.30,5.00,-5.02,-5.04,-5.35,10.29,10.29,10.31
38.95,15.29,5.03,15.29,5.03,-5.04,-5.06,-5.31,10.25,10.25,10.26
39.34,15.27,5.06,15.27,5.06,-5.07,-5.07,-5.26,10.20,10.20,10.21
39.74,15.25,5.10,15.25,5.10,-5.10,-5.08,-5.22,10.15,10.15,10.16
40.14,15.23,5.13,15.23,5.13,-5.13,-5.09,-5.19,10.10,10.10,10.10
40.54,15.21,5.17,15.21,5.17,-5.16,-5.11,-5.15,10.05,10.05,10.04
40.94,15.19,5.19,15.19,5.19,-5.18,-5.12,-5.12,10.00,10.00,9.99
41.35,15.16,5.21,15.16,5.21,-5.20,-5.13,-5.10,9.96,9.96,9.95
41.76,15.13,5.23,15.13,5.23,-5.22,-5.15,-5.07,9.91,9.91,9.91
42.18,15.10,5.23,15.10,5.23,-5.23,-5.16,-5.05,9.87,9.87,9.87
42.60,15.08,5.24,15.08,5.24,-5.24,-5.18,-5.03,9.83,9.83,9.84
43.03,15.05,5.25,15.05,5.25,-5.25,-5.19,-5.02,9.80,9.80,9.81
43.46,15.03,5.26,15.03,5.26,-5.26,-5.21,-5.01,9.77,9.77,9.77
43.90,15.01,5.27,15.01,5.27,-5.27,-5.22,-5.01,9.74,9.74,9.74
44.33,14.99,5.28,14.99,5.28,-5.28,-5.24,-5.00,9.71,9.71,9.71
44.78,14.97,5.30,14.97,5.30,-5.30,-5.25,-5.00,9.67,9.67,9.67
45.23,14.95,5.31,14.95,5.31,-5.31,-5.27,-5.01,9.64,9.64,9.63
45.68,14.92,5.33,14.92,5.33,-5.33,-5.28,-5.02,9.60,9.60,9.60
46.13,14.90,5.34,14.90,5.34,-5.34,-5.30,-5.03,9.55,9.55,9.56
46.60,14.87,5.35,14.87,5.35,-5.36,-5.31,-5.05,9.51,9.51,9.52
47.06,14.84,5.37,14.85,5.37,-5.38,-5.33,-5.07,9.47,9.47,9.47
47.53,14.82,5.39,14.82,5.39,-5.39,-5.34,-5.09,9.43,9.43,9.43
48.01,14.79,5.41,14.79,5.41,-5.41,-5.36,-5.12,9.39,9.39,9.38
48.49,14.77,5.43,14.76,5.42,-5.42,-5.37,-5.15,9.35,9.35,9.34
48.97,14.73,5.43,14.73,5.43,-5.42,-5.39,-5.18,9.31,9.31,9.30
49.46,14.70,5.43,14.70,5.43,-5.43,-5.40,-5.22,9.27,9.27,9.26
49.96,14.66,5.43,14.66,5.43,-5.43,-5.41,-5.26,9.23,9.23,9.23
50.46,14.62,5.43,14.62,5.43,-5.43,-5.43,-5.30,9.19,9.19,9.20
50.96,14.59,5.42,14.59,5.42,-5.42,-5.44,-5.34,9.17,9.17,9.17
51.47,14.56,5.41,14.56,5.41,-5.41,-5.45,-5.39,9.14,9.15,9.14
51.99,14.53,5.40,14.53,5.41,-5.39,-5.46,-5.44,9.13,9.13,9.12
52.51,14.50,5.39,14.50,5.39,-5.37,-5.48,-5.48,9.12,9.12,9.10
53.03,14.46,5.37,14.46,5.37,-5.35,-5.49,-5.53,9.11,9.11,9.09
53.56,14.43,5.34,14.43,5.34,-5.34,-5.50,-5.58,9.09,9.09,9.09
54.10,14.39,5.31,14.39,5.31,-5.32,-5.51,-5.63,9.07,9.07,9.08
54.64,14.36,5.29,14.36,5.29,-5.32,-5.52,-5.68,9.04,9.04,9.07
55.18,14.32,5.29,14.32,5.29,-5.32,-5.53,-5.73,9.00,9.00,9.04
55.74,14.29,5.32,14.29,5.32,-5.34,-5.54,-5.78,8.95,8.95,8.97
56.29,14.26,5.36,14.26,5.36,-5.37,-5.55,-5.82,8.89,8.89,8.90
56.86,14.22,5.41,14.22,5.40,-5.40,-5.56,-5.86,8.82,8.82,8.82
57.42,14.19,5.45,14.19,5.45,-5.44,-5.57,-5.90,8.75,8.75,8.74
58.00,14.16,5.49,14.16,5.49,-5.48,-5.57,-5.94,8.68,8.68,8.66
58.58,14.12,5.53,14.12,5.53,-5.52,-5.58,-5.97,8.60,8.61,8.59
59.16,14.09,5.56,14.09,5.55,-5.55,-5.59,-6.00,8.54,8.54,8.53
59.76,14.05,5.58,14.05,5.57,-5.57,-5.59,-6.03,8.48,8.48,8.47
60.35,14.01,5.59,14.01,5.59,-5.58,-5.60,-6.05,8.43,8.43,8.43
60.96,13.98,5.59,13.98,5.59,-5.59,-5.61,-6.06,8.39,8.39,8.38
61.57,13.94,5.59,13.94,5.59,-5.59,-5.61,-6.07,8.35,8.35,8.35
62.18,13.90,5.59,13.90,5.59,-5.59,-5.62,-6.07,8.31,8.31,8.31
62.80,13.86,5.58,13.86,5.58,-5.58,-5.62,-6.07,8.28,8.28,8.27
63.43,13.82,5.58,13.82,5.58,-5.58,-5.62,-6.07,8.24,8.24,8.24
64.07,13.78,5.57,13.78,5.57,-5.57,-5.63,-6.05,8.21,8.21,8.21
64.71,13.74,5.56,13.74,5.56,-5.57,-5.63,-6.03,8.17,8.17,8.18
65.35,13.70,5.56,13.70,5.56,-5.57,-5.63,-6.01,8.13,8.13,8.14
66.01,13.66,5.57,13.66,5.57,-5.58,-5.63,-5.98,8.09,8.08,8.09
66.67,13.62,5.59,13.62,5.59,-5.59,-5.63,-5.95,8.04,8.04,8.04
67.33,13.58,5.60,13.58,5.60,-5.60,-5.64,-5.91,7.99,7.99,7.98
68.01,13.54,5.61,13.54,5.61,-5.60,-5.64,-5.87,7.94,7.94,7.93
68.69,13.50,5.62,13.50,5.62,-5.61,-5.64,-5.83,7.88,7.89,7.88
69.37,13.46,5.62,13.46,5.62,-5.62,-5.64,-5.78,7.84,7.84,7.83
70.07,13.41,5.63,13.41,5.63,-5.62,-5.63,-5.73,7.79,7.79,7.79
70.77,13.37,5.63,13.37,5.63,-5.62,-5.63,-5.68,7.75,7.75,7.75
71.48,13.33,5.63,13.33,5.63,-5.62,-5.63,-5.63,7.71,7.71,7.71
72.19,13.29,5.62,13.29,5.62,-5.62,-5.63,-5.58,7.67,7.67,7.67
72.91,13.24,5.61,13.24,5.61,-5.62,-5.63,-5.52,7.63,7.63,7.63
73.64,13.20,5.61,13.20,5.61,-5.61,-5.62,-5.47,7.59,7.59,7.59
74.38,13.16,5.61,13.16,5.61,-5.61,-5.62,-5.41,7.54,7.54,7.55
75.12,13.11,5.61,13.11,5.61,-5.61,-5.62,-5.36,7.50,7.50,7.50
75.87,13.07,5.61,13.07,5.61,-5.61,-5.61,-5.31,7.46,7.46,7.46
76.63,13.02,5.61,13.02,5.61,-5.61,-5.61,-5.26,7.41,7.41,7.41
77.40,12.98,5.61,12.98,5.61,-5.61,-5.60,-5.21,7.37,7.37,7.37
78.17,12.93,5.61,12.93,5.61,-5.61,-5.60,-5.17,7.32,7.32,7.32
78.95,12.89,5.61,12.89,5.61,-5.61,-5.59,-5.12,7.28,7.28,7.28
79.74,12.84,5.61,12.84,5.61,-5.61,-5.58,-5.08,7.23,7.23,7.23
80.54,12.79,5.61,12.79,5.61,-5.61,-5.58,-5.04,7.19,7.19,7.19
81.35,12.74,5.60,12.74,5.60,-5.60,-5.57,-5.01,7.14,7.14,7.14
82.16,12.69,5.60,12.69,5.60,-5.60,-5.56,-4.97,7.09,7.09,7.10
82.98,12.64,5.59,12.64,5.59,-5.59,-5.55,-4.94,7.05,7.05,7.05
83.81,12.59,5.59,12.59,5.59,-5.59,-5.55,-4.92,7.00,7.00,7.00
84.65,12.54,5.58,12.54,5.58,-5.58,-5.54,-4.90,6.96,6.96,6.96
85.50,12.49,5.58,12.49,5.58,-5.58,-5.53,-4.88,6.91,6.91,6.91
86.35,12.44,5.57,12.44,5.57,-5.57,-5.52,-4.86,6.87,6.87,6.87
87.22,12.40,5.57,12.40,5.57,-5.57,-5.51,-4.85,6.83,6.83,6.83
88.09,12.35,5.56,12.35,5.56,-5.56,-5.50,-4.84,6.79,6.79,6.79
88.97,12.30,5.56,12.30,5.56,-5.56,-5.49,-4.84,6.74,6.74,6.75
89.86,12.25,5.55,12.25,5.55,-5.55,-5.48,-4.84,6.70,6.70,6.70
90.76,12.20,5.55,12.20,5.55,-5.55,-5.47,-4.84,6.65,6.65,6.65
91.66,12.14,5.54,12.14,5.54,-5.54,-5.46,-4.85,6.60,6.60,6.60
92.58,12.09,5.53,12.09,5.53,-5.53,-5.45,-4.86,6.56,6.56,6.56
93.51,12.03,5.52,12.03,5.52,-5.51,-5.44,-4.87,6.52,6.52,6.52
94.44,11.98,5.50,11.98,5.50,-5.49,-5.43,-4.89,6.49,6.49,6.48
95.39,11.93,5.47,11.93,5.47,-5.46,-5.41,-4.91,6.47,6.47,6.46
96.34,11.89,5.44,11.89,5.44,-5.43,-5.40,-4.93,6.46,6.46,6.45
97.30,11.85,5.40,11.85,5.40,-5.41,-5.39,-4.96,6.44,6.44,6.45
98.28,11.81,5.37,11.81,5.37,-5.39,-5.38,-4.99,6.43,6.43,6.44
99.26,11.77,5.34,11.77,5.35,-5.36,-5.36,-5.02,6.40,6.40,6.42
100.25,11.71,5.33,11.71,5.34,-5.35,-5.35,-5.05,6.37,6.36,6.38
101.25,11.65,5.34,11.65,5.33,-5.34,-5.33,-5.09,6.31,6.31,6.31
102.27,11.58,5.34,11.58,5.33,-5.33,-5.32,-5.13,6.25,6.25,6.24
103.29,11.50,5.33,11.50,5.33,-5.32,-5.31,-5.17,6.18,6.18,6.17
104.32,11.43,5.32,11.43,5.32,-5.32,-5.29,-5.21,6.11,6.11,6.11
105.37,11.36,5.32,11.36,5.32,-5.32,-5.28,-5.25,6.05,6.05,6.05
106.42,11.30,5.31,11.30,5.31,-5.31,-5.26,-5.29,5.99,5.99,5.99
107.48,11.24,5.30,11.24,5.30,-5.30,-5.25,-5.33,5.94,5.94,5.93
108.56,11.18,5.29,11.18,5.29,-5.29,-5.23,-5.37,5.89,5.89,5.89
109.64,11.12,5.27,11.12,5.27,-5.27,-5.21,-5.41,5.85,5.85,5.85
110.74,11.06,5.25,11.06,5.25,-5.25,-5.20,-5.45,5.82,5.82,5.81
111.85,11.01,5.23,11.01,5.23,-5.23,-5.18,-5.49,5.78,5.78,5.78
112.97,10.94,5.20,10.94,5.20,-5.20,-5.16,-5.53,5.74,5.74,5.75
114.10,10.88,5.17,10.88,5.17,-5.18,-5.14,-5.56,5.71,5.71,5.71
115.24,10.82,5.15,10.82,5.15,-5.15,-5.13,-5.59,5.67,5.67,5.67
116.39,10.76,5.12,10.76,5.12,-5.12,-5.11,-5.61,5.64,5.64,5.64
117.55,10.70,5.09,10.70,5.09,-5.09,-5.09,-5.63,5.60,5.60,5.60
118.73,10.63,5.06,10.63,5.06,-5.07,-5.07,-5.65,5.57,5.57,5.57
119.92,10.57,5.04,10.57,5.04,-5.04,-5.05,-5.66,5.53,5.53,5.53
121.12,10.51,5.01,10.51,5.01,-5.01,-5.03,-5.67,5.50,5.50,5.50
122.33,10.44,4.98,10.44,4.98,-4.98,-5.01,-5.66,5.46,5.46,5.46
123.55,10.38,4.96,10.38,4.96,-4.95,-4.99,-5.66,5.43,5.43,5.42
124.79,10.32,4.93,10.31,4.93,-4.92,-4.97,-5.64,5.39,5.39,5.39
126.03,10.25,4.89,10.25,4.89,-4.89,-4.95,-5.63,5.36,5.36,5.36
127.29,10.18,4.86,10.18,4.86,-4.86,-4.92,-5.60,5.32,5.32,5.32
128.57,10.12,4.83,10.12,4.83,-4.84,-4.90,-5.57,5.28,5.28,5.28
129.85,10.05,4.81,10.05,4.81,-4.82,-4.88,-5.53,5.24,5.24,5.24
131.15,9.99,4.78,9.99,4.79,-4.79,-4.86,-5.49,5.19,5.20,5.20
132.46,9.93,4.77,9.93,4.77,-4.77,-4.83,-5.44,5.15,5.15,5.16
133.79,9.87,4.76,9.87,4.75,-4.75,-4.81,-5.39,5.11,5.11,5.11
135.12,9.81,4.74,9.81,4.74,-4.73,-4.78,-5.33,5.08,5.08,5.07
136.48,9.75,4.72,9.75,4.72,-4.71,-4.76,-5.27,5.04,5.04,5.03
137.84,9.69,4.69,9.69,4.69,-4.69,-4.73,-5.20,5.00,5.00,4.99
139.22,9.62,4.66,9.62,4.66,-4.66,-4.71,-5.13,4.96,4.96,4.96
140.61,9.56,4.63,9.56,4.63,-4.63,-4.68,-5.06,4.93,4.93,4.93
142.02,9.50,4.60,9.50,4.60,-4.61,-4.65,-4.99,4.90,4.90,4.91
143.44,9.44,4.56,9.45,4.57,-4.57,-4.62,-4.91,4.87,4.87,4.88
144.87,9.39,4.54,9.39,4.54,-4.54,-4.60,-4.83,4.85,4.84,4.85
146.32,9.32,4.51,9.32,4.51,-4.51,-4.57,-4.75,4.82,4.82,4.81
147.78,9.26,4.48,9.26,4.48,-4.47,-4.54,-4.67,4.78,4.78,4.77
149.26,9.18,4.45,9.18,4.45,-4.44,-4.51,-4.59,4.74,4.74,4.73
150.75,9.10,4.40,9.10,4.40,-4.40,-4.48,-4.51,4.70,4.70,4.70
152.26,9.02,4.36,9.02,4.36,-4.36,-4.45,-4.43,4.66,4.66,4.66
153.78,8.94,4.31,8.94,4.31,-4.32,-4.42,-4.35,4.62,4.62,4.63
155.32,8.86,4.27,8.86,4.27,-4.27,-4.38,-4.28,4.59,4.59,4.59
156.88,8.78,4.23,8.78,4.23,-4.22,-4.35,-4.20,4.56,4.56,4.56
158.44,8.71,4.19,8.71,4.19,-4.17,-4.32,-4.12,4.53,4.53,4.52
160.03,8.63,4.14,8.63,4.14,-4.13,-4.29,-4.05,4.50,4.50,4.48
161.63,8.55,4.09,8.55,4.09,-4.08,-4.25,-3.98,4.46,4.46,4.45
163.24,8.47,4.05,8.47,4.04,-4.05,-4.22,-3.91,4.42,4.42,4.42
164.88,8.40,4.00,8.40,4.00,-4.02,-4.18,-3.84,4.38,4.38,4.40
166.53,8.34,3.98,8.34,3.98,-4.01,-4.15,-3.78,4.33,4.33,4.36
168.19,8.29,3.97,8.29,3.97,-4.00,-4.11,-3.72,4.29,4.29,4.32
169.87,8.26,3.98,8.26,3.99,-4.01,-4.08,-3.66,4.25,4.25,4.28
171.57,8.24,4.01,8.24,4.01,-4.02,-4.04,-3.60,4.22,4.22,4.23
173.29,8.23,4.05,8.23,4.05,-4.04,-4.00,-3.55,4.19,4.19,4.19
175.02,8.22,4.08,8.22,4.07,-4.05,-3.96,-3.50,4.17,4.17,4.14
176.77,8.20,4.09,8.20,4.09,-4.06,-3.93,-3.44,4.14,4.14,4.12
178.54,8.17,4.08,8.17,4.08,-4.06,-3.89,-3.40,4.12,4.12,4.09
180.32,8.14,4.06,8.13,4.05,-4.04,-3.85,-3.35,4.10,4.10,4.08
182.13,8.09,4.01,8.09,4.01,-4.00,-3.81,-3.31,4.08,4.08,4.07
183.95,8.03,3.96,8.03,3.96,-3.96,-3.77,-3.27,4.07,4.07,4.07
185.79,7.96,3.90,7.97,3.90,-3.91,-3.73,-3.24,4.06,4.06,4.06
187.65,7.90,3.84,7.90,3.84,-3.85,-3.69,-3.20,4.05,4.05,4.06
189.52,7.83,3.78,7.83,3.78,-3.80,-3.65,-3.17,4.03,4.03,4.05
191.42,7.76,3.72,7.76,3.73,-3.75,-3.61,-3.14,4.02,4.02,4.04
193.33,7.69,3.68,7.69,3.68,-3.70,-3.56,-3.12,3.99,3.99,4.01
195.27,7.62,3.64,7.62,3.64,-3.65,-3.52,-3.09,3.97,3.97,3.98
197.22,7.55,3.61,7.55,3.61,-3.60,-3.48,-3.07,3.95,3.95,3.94
199.19,7.48,3.57,7.48,3.57,-3.55,-3.44,-3.05,3.93,3.93,3.90
201.18,7.40,3.52,7.40,3.52,-3.49,-3.40,-3.03,3.91,3.91,3.89
203.19,7.33,3.45,7.33,3.45,-3.44,-3.35,-3.01,3.90,3.90,3.88
205.23,7.26,3.37,7.26,3.37,-3.38,-3.31,-3.00,3.89,3.89,3.89
207.28,7.19,3.30,7.19,3.30,-3.31,-3.27,-2.98,3.88,3.88,3.89
209.35,7.12,3.23,7.12,3.23,-3.25,-3.22,-2.97,3.87,3.87,3.89
211.44,7.05,3.18,7.05,3.18,-3.19,-3.18,-2.95,3.86,3.86,3.87
213.56,6.98,3.13,6.98,3.13,-3.13,-3.13,-2.94,3.85,3.85,3.85
215.69,6.91,3.08,6.91,3.08,-3.08,-3.09,-2.93,3.83,3.83,3.83
217.85,6.84,3.04,6.84,3.04,-3.04,-3.05,-2.92,3.81,3.81,3.80
220.03,6.77,3.00,6.77,2.99,-2.99,-3.00,-2.91,3.78,3.78,3.78
222.23,6.70,2.95,6.70,2.95,-2.95,-2.96,-2.89,3.76,3.76,3.75
224.45,6.63,2.90,6.63,2.91,-2.90,-2.91,-2.88,3.73,3.73,3.73
226.70,6.56,2.86,6.56,2.86,-2.86,-2.87,-2.87,3.70,3.70,3.70
228.96,6.49,2.81,6.49,2.81,-2.81,-2.82,-2.86,3.68,3.68,3.68
231.25,6.42,2.77,6.42,2.77,-2.77,-2.78,-2.84,3.66,3.66,3.66
233.57,6.35,2.72,6.36,2.72,-2.72,-2.73,-2.82,3.64,3.64,3.64
235.90,6.29,2.67,6.29,2.67,-2.67,-2.69,-2.81,3.62,3.62,3.61
238.26,6.22,2.62,6.22,2.62,-2.62,-2.64,-2.79,3.60,3.60,3.59
240.64,6.15,2.57,6.15,2.57,-2.57,-2.60,-2.76,3.57,3.57,3.57
243.05,6.08,2.52,6.08,2.52,-2.52,-2.55,-2.74,3.55,3.55,3.55
245.48,6.01,2.47,6.01,2.47,-2.48,-2.51,-2.71,3.53,3.53,3.53
247.93,5.94,2.43,5.94,2.43,-2.43,-2.46,-2.69,3.51,3.51,3.51
250.41,5.87,2.38,5.87,2.38,-2.38,-2.42,-2.66,3.49,3.49,3.49
252.92,5.80,2.33,5.80,2.33,-2.33,-2.37,-2.62,3.47,3.47,3.47
255.45,5.73,2.29,5.73,2.29,-2.29,-2.33,-2.59,3.45,3.45,3.45
258.00,5.66,2.24,5.66,2.24,-2.24,-2.28,-2.55,3.43,3.43,3.42
260.58,5.60,2.19,5.60,2.19,-2.19,-2.23,-2.51,3.40,3.40,3.40
263.19,5.53,2.15,5.53,2.15,-2.14,-2.19,-2.47,3.39,3.39,3.38
265.82,5.46,2.10,5.46,2.10,-2.10,-2.14,-2.42,3.37,3.37,3.36
268.48,5.39,2.05,5.39,2.05,-2.05,-2.10,-2.38,3.35,3.35,3.35
271.16,5.32,2.00,5.33,2.00,-2.00,-2.06,-2.33,3.33,3.33,3.33
273.87,5.26,1.95,5.26,1.95,-1.95,-2.01,-2.28,3.31,3.31,3.31
276.61,5.19,1.90,5.19,1.90,-1.90,-1.97,-2.22,3.29,3.29,3.29
279.38,5.12,1.85,5.12,1.85,-1.85,-1.92,-2.17,3.27,3.27,3.27
282.17,5.05,1.80,5.05,1.80,-1.80,-1.88,-2.12,3.25,3.25,3.25
284.99,4.98,1.75,4.98,1.75,-1.75,-1.83,-2.06,3.23,3.23,3.23
287.84,4.91,1.71,4.91,1.71,-1.71,-1.79,-2.00,3.20,3.20,3.21
290.72,4.84,1.66,4.84,1.66,-1.66,-1.74,-1.95,3.18,3.18,3.18
293.63,4.78,1.62,4.78,1.62,-1.62,-1.70,-1.89,3.16,3.16,3.16
296.57,4.71,1.58,4.71,1.58,-1.58,-1.65,-1.83,3.13,3.13,3.13
299.53,4.65,1.54,4.65,1.54,-1.54,-1.61,-1.77,3.11,3.11,3.10
302.53,4.58,1.51,4.58,1.51,-1.50,-1.57,-1.71,3.08,3.08,3.07
305.55,4.51,1.47,4.51,1.47,-1.47,-1.52,-1.65,3.04,3.04,3.04
308.61,4.44,1.44,4.44,1.44,-1.44,-1.48,-1.59,3.00,3.00,3.01
311.69,4.37,1.41,4.37,1.41,-1.41,-1.43,-1.53,2.96,2.96,2.97
314.81,4.31,1.38,4.31,1.38,-1.39,-1.39,-1.47,2.92,2.92,2.92
317.96,4.24,1.36,4.24,1.36,-1.37,-1.34,-1.42,2.87,2.87,2.88
321.14,4.17,1.34,4.17,1.34,-1.34,-1.30,-1.36,2.83,2.83,2.83
324.35,4.11,1.32,4.11,1.32,-1.32,-1.26,-1.30,2.78,2.78,2.78
327.59,4.04,1.31,4.04,1.31,-1.30,-1.21,-1.24,2.74,2.74,2.73
330.87,3.97,1.28,3.97,1.28,-1.28,-1.17,-1.18,2.69,2.69,2.69
334.18,3.90,1.26,3.90,1.26,-1.26,-1.13,-1.13,2.65,2.65,2.64
337.52,3.84,1.23,3.84,1.23,-1.23,-1.08,-1.07,2.61,2.61,2.61
340.90,3.77,1.19,3.77,1.19,-1.19,-1.04,-1.02,2.58,2.58,2.57
344.30,3.70,1.15,3.70,1.15,-1.15,-0.99,-0.96,2.55,2.55,2.55
347.75,3.63,1.10,3.63,1.10,-1.10,-0.95,-0.91,2.53,2.53,2.53
351.23,3.57,1.05,3.57,1.05,-1.05,-0.91,-0.86,2.52,2.52,2.52
354.74,3.51,0.99,3.51,0.99,-0.99,-0.86,-0.80,2.51,2.51,2.51
358.28,3.44,0.93,3.44,0.93,-0.93,-0.82,-0.75,2.51,2.51,2.51
361.87,3.38,0.87,3.38,0.87,-0.87,-0.77,-0.70,2.50,2.50,2.51
365.49,3.32,0.81,3.32,0.81,-0.81,-0.73,-0.65,2.50,2.50,2.50
369.14,3.26,0.75,3.26,0.75,-0.75,-0.69,-0.60,2.50,2.50,2.51
372.83,3.20,0.69,3.20,0.69,-0.69,-0.64,-0.55,2.51,2.51,2.51
376.56,3.14,0.63,3.14,0.63,-0.63,-0.60,-0.50,2.51,2.51,2.51
380.33,3.08,0.57,3.08,0.57,-0.57,-0.55,-0.45,2.51,2.51,2.51
384.13,3.03,0.52,3.03,0.52,-0.52,-0.51,-0.40,2.51,2.51,2.51
387.97,2.97,0.46,2.97,0.46,-0.46,-0.46,-0.36,2.51,2.51,2.51
391.85,2.92,0.41,2.92,0.41,-0.41,-0.42,-0.31,2.51,2.51,2.51
395.77,2.86,0.36,2.86,0.36,-0.35,-0.37,-0.26,2.50,2.50,2.50
399.73,2.80,0.30,2.80,0.30,-0.30,-0.33,-0.22,2.50,2.50,2.50
403.72,2.74,0.25,2.74,0.25,-0.25,-0.28,-0.17,2.49,2.49,2.49
407.76,2.68,0.20,2.68,0.20,-0.20,-0.24,-0.12,2.48,2.48,2.48
411.84,2.62,0.14,2.62,0.14,-0.14,-0.19,-0.08,2.47,2.47,2.47
415.96,2.55,0.09,2.55,0.09,-0.09,-0.14,-0.04,2.46,2.46,2.46
420.12,2.49,0.04,2.49,0.04,-0.04,-0.10,0.01,2.45,2.45,2.46
424.32,2.43,-0.01,2.43,-0.01,0.01,-0.05,0.05,2.45,2.45,2.45
428.56,2.37,-0.07,2.37,-0.07,0.06,-0.00,0.09,2.44,2.44,2.44
432.85,2.31,-0.12,2.31,-0.12,0.11,0.05,0.14,2.43,2.43,2.43
437.18,2.25,-0.16,2.25,-0.16,0.16,0.09,0.18,2.42,2.42,2.42
441.55,2.19,-0.21,2.19,-0.21,0.21,0.14,0.22,2.41,2.41,2.41
445.96,2.13,-0.26,2.13,-0.26,0.26,0.19,0.26,2.40,2.40,2.40
450.42,2.08,-0.31,2.08,-0.31,0.31,0.24,0.30,2.39,2.39,2.39
454.93,2.02,-0.36,2.02,-0.36,0.36,0.29,0.34,2.38,2.38,2.38
459.48,1.96,-0.41,1.96,-0.41,0.41,0.34,0.38,2.36,2.36,2.37
464.07,1.90,-0.45,1.90,-0.45,0.45,0.39,0.42,2.35,2.35,2.35
468.71,1.84,-0.50,1.84,-0.50,0.50,0.44,0.46,2.34,2.34,2.34
473.40,1.79,-0.55,1.79,-0.55,0.55,0.49,0.49,2.33,2.33,2.33
478.13,1.73,-0.60,1.73,-0.60,0.60,0.54,0.53,2.32,2.32,2.32
482.91,1.67,-0.64,1.67,-0.64,0.64,0.59,0.57,2.31,2.31,2.31
487.74,1.61,-0.69,1.61,-0.69,0.69,0.64,0.60,2.30,2.30,2.30
492.62,1.55,-0.74,1.55,-0.74,0.74,0.69,0.64,2.29,2.29,2.29
497.55,1.50,-0.78,1.50,-0.78,0.78,0.74,0.67,2.28,2.28,2.28
502.52,1.44,-0.83,1.44,-0.83,0.83,0.79,0.71,2.27,2.27,2.27
507.55,1.38,-0.88,1.38,-0.88,0.88,0.84,0.74,2.26,2.26,2.26
512.62,1.32,-0.93,1.32,-0.93,0.93,0.90,0.77,2.25,2.25,2.25
517.75,1.26,-0.98,1.26,-0.98,0.98,0.95,0.80,2.24,2.24,2.24
522.93,1.20,-1.03,1.20,-1.03,1.03,1.00,0.84,2.23,2.23,2.23
528.16,1.14,-1.08,1.14,-1.08,1.08,1.05,0.87,2.22,2.22,2.22
533.44,1.08,-1.13,1.08,-1.13,1.13,1.11,0.90,2.21,2.21,2.21
538.77,1.02,-1.18,1.02,-1.18,1.18,1.16,0.93,2.20,2.20,2.20
544.16,0.96,-1.23,0.96,-1.23,1.23,1.21,0.96,2.19,2.19,2.19
549.60,0.91,-1.28,0.91,-1.28,1.28,1.26,0.99,2.19,2.19,2.19
555.10,0.85,-1.33,0.85,-1.33,1.33,1.31,1.03,2.18,2.18,2.18
560.65,0.80,-1.37,0.80,-1.37,1.37,1.36,1.06,2.17,2.17,2.17
566.25,0.75,-1.42,0.75,-1.42,1.42,1.41,1.09,2.16,2.16,2.16
571.92,0.69,-1.46,0.69,-1.46,1.46,1.46,1.12,2.16,2.16,2.16
577.64,0.65,-1.50,0.64,-1.50,1.50,1.51,1.16,2.15,2.15,2.15
583.41,0.60,-1.55,0.60,-1.55,1.55,1.56,1.19,2.14,2.14,2.14
589.25,0.55,-1.59,0.55,-1.59,1.59,1.61,1.22,2.14,2.14,2.14
595.14,0.50,-1.63,0.50,-1.63,1.63,1.66,1.26,2.13,2.13,2.13
601.09,0.46,-1.67,0.46,-1.67,1.67,1.71,1.29,2.13,2.13,2.13
607.10,0.41,-1.71,0.41,-1.71,1.71,1.75,1.33,2.12,2.12,2.12
613.17,0.37,-1.75,0.37,-1.75,1.75,1.80,1.37,2.12,2.12,2.12
619.30,0.33,-1.79,0.33,-1.79,1.79,1.84,1.41,2.12,2.11,2.11
625.50,0.28,-1.83,0.28,-1.83,1.83,1.89,1.44,2.11,2.11,2.11
631.75,0.24,-1.87,0.24,-1.87,1.86,1.93,1.49,2.11,2.11,2.11
638.07,0.20,-1.90,0.20,-1.90,1.90,1.97,1.53,2.11,2.11,2.11
644.45,0.17,-1.94,0.17,-1.94,1.94,2.01,1.57,2.11,2.11,2.11
650.89,0.13,-1.98,0.13,-1.98,1.98,2.05,1.61,2.11,2.11,2.11
657.40,0.09,-2.01,0.09,-2.01,2.01,2.09,1.66,2.11,2.11,2.11
663.98,0.06,-2.05,0.06,-2.05,2.05,2.13,1.71,2.11,2.11,2.11
670.62,0.02,-2.08,0.02,-2.08,2.09,2.16,1.76,2.11,2.11,2.11
677.32,-0.01,-2.12,-0.01,-2.12,2.12,2.20,1.81,2.11,2.11,2.11
684.10,-0.05,-2.16,-0.05,-2.16,2.16,2.23,1.86,2.11,2.11,2.11
690.94,-0.08,-2.20,-0.08,-2.20,2.20,2.27,1.91,2.12,2.12,2.12
697.85,-0.11,-2.24,-0.11,-2.24,2.24,2.30,1.97,2.12,2.12,2.13
704.83,-0.14,-2.28,-0.14,-2.28,2.28,2.33,2.02,2.13,2.13,2.13
711.87,-0.17,-2.31,-0.17,-2.31,2.31,2.37,2.08,2.14,2.14,2.14
718.99,-0.20,-2.35,-0.20,-2.35,2.35,2.40,2.14,2.15,2.15,2.15
726.18,-0.23,-2.39,-0.23,-2.39,2.39,2.43,2.20,2.16,2.16,2.16
733.44,-0.25,-2.43,-0.25,-2.43,2.43,2.46,2.27,2.17,2.17,2.17
740.78,-0.27,-2.46,-0.27,-2.46,2.46,2.49,2.33,2.19,2.19,2.19
748.19,-0.30,-2.50,-0.30,-2.50,2.50,2.52,2.40,2.20,2.20,2.20
755.67,-0.32,-2.53,-0.32,-2.53,2.54,2.55,2.47,2.22,2.22,2.22
763.23,-0.34,-2.57,-0.34,-2.57,2.57,2.58,2.53,2.23,2.23,2.23
770.86,-0.35,-2.61,-0.35,-2.61,2.61,2.61,2.61,2.25,2.25,2.25
778.57,-0.37,-2.64,-0.37,-2.64,2.64,2.64,2.68,2.27,2.27,2.27
786.35,-0.38,-2.68,-0.38,-2.68,2.68,2.67,2.75,2.30,2.30,2.30
794.22,-0.39,-2.71,-0.39,-2.71,2.71,2.70,2.82,2.32,2.32,2.32
802.16,-0.40,-2.75,-0.40,-2.75,2.75,2.73,2.90,2.35,2.35,2.35
810.18,-0.41,-2.78,-0.41,-2.78,2.78,2.76,2.97,2.38,2.38,2.37
818.28,-0.41,-2.82,-0.41,-2.82,2.82,2.78,3.05,2.40,2.40,2.40
826.46,-0.42,-2.85,-0.42,-2.85,2.85,2.81,3.12,2.43,2.43,2.43
834.73,-0.42,-2.89,-0.42,-2.89,2.89,2.85,3.20,2.47,2.47,2.47
843.08,-0.42,-2.92,-0.42,-2.92,2.92,2.88,3.28,2.50,2.50,2.50
851.51,-0.42,-2.96,-0.42,-2.96,2.96,2.91,3.35,2.54,2.54,2.54
860.02,-0.41,-2.99,-0.41,-2.99,2.99,2.94,3.42,2.58,2.58,2.58
868.62,-0.40,-3.02,-0.40,-3.02,3.02,2.97,3.49,2.62,2.62,2.62
877.31,-0.39,-3.05,-0.39,-3.05,3.05,3.00,3.56,2.66,2.66,2.66
886.08,-0.38,-3.09,-0.38,-3.09,3.09,3.03,3.63,2.71,2.71,2.71
894.94,-0.36,-3.12,-0.36,-3.12,3.12,3.06,3.70,2.76,2.76,2.76
903.89,-0.34,-3.15,-0.34,-3.15,3.15,3.09,3.76,2.81,2.81,2.81
912.93,-0.32,-3.18,-0.32,-3.18,3.18,3.12,3.82,2.86,2.86,2.86
922.06,-0.30,-3.21,-0.30,-3.21,3.21,3.16,3.87,2.91,2.91,2.91
931.28,-0.27,-3.24,-0.27,-3.24,3.24,3.19,3.92,2.97,2.97,2.97
940.59,-0.24,-3.27,-0.24,-3.27,3.27,3.22,3.96,3.03,3.03,3.03
950.00,-0.21,-3.29,-0.21,-3.29,3.29,3.25,4.01,3.09,3.09,3.09
959.50,-0.17,-3.32,-0.17,-3.32,3.32,3.28,4.04,3.15,3.15,3.15
969.09,-0.13,-3.35,-0.13,-3.35,3.35,3.31,4.07,3.22,3.22,3.22
978.78,-0.09,-3.37,-0.09,-3.37,3.37,3.34,4.09,3.28,3.28,3.28
988.57,-0.05,-3.40,-0.05,-3.40,3.40,3.37,4.11,3.35,3.35,3.35
998.46,-0.01,-3.42,-0.01,-3.42,3.42,3.40,4.12,3.42,3.42,3.42
1008.44,0.04,-3.45,0.04,-3.45,3.45,3.43,4.13,3.49,3.49,3.49
1018.53,0.09,-3.47,0.09,-3.47,3.47,3.46,4.13,3.56,3.56,3.56
1028.71,0.14,-3.49,0.14,-3.49,3.49,3.49,4.12,3.63,3.63,3.63
1039.00,0.19,-3.52,0.19,-3.52,3.52,3.52,4.11,3.71,3.71,3.71
1049.39,0.24,-3.54,0.24,-3.54,3.54,3.54,4.09,3.78,3.78,3.78
1059.88,0.30,-3.56,0.30,-3.56,3.56,3.57,4.07,3.86,3.86,3.86
1070.48,0.36,-3.58,0.36,-3.58,3.58,3.60,4.04,3.93,3.93,3.93
1081.19,0.41,-3.59,0.41,-3.59,3.59,3.62,4.00,4.01,4.01,4.01
1092.00,0.47,-3.61,0.47,-3.61,3.61,3.64,3.97,4.09,4.09,4.09
1102.92,0.53,-3.63,0.53,-3.63,3.63,3.66,3.93,4.16,4.16,4.16
1113.95,0.59,-3.64,0.59,-3.64,3.64,3.68,3.88,4.24,4.24,4.24
1125.09,0.65,-3.66,0.65,-3.66,3.66,3.70,3.83,4.31,4.31,4.31
1136.34,0.72,-3.67,0.72,-3.67,3.67,3.72,3.78,4.39,4.39,4.39
1147.70,0.78,-3.68,0.78,-3.68,3.68,3.73,3.73,4.46,4.46,4.46
1159.18,0.84,-3.69,0.84,-3.69,3.69,3.75,3.68,4.53,4.53,4.53
1170.77,0.90,-3.70,0.90,-3.70,3.71,3.76,3.62,4.60,4.60,4.60
1182.48,0.96,-3.71,0.96,-3.72,3.72,3.77,3.56,4.67,4.67,4.67
1194.30,1.02,-3.72,1.02,-3.72,3.72,3.78,3.50,4.74,4.74,4.74
1206.25,1.08,-3.73,1.08,-3.73,3.73,3.78,3.45,4.81,4.81,4.81
1218.31,1.14,-3.74,1.14,-3.74,3.74,3.79,3.39,4.87,4.87,4.88
1230.49,1.19,-3.74,1.19,-3.74,3.74,3.79,3.33,4.94,4.94,4.94
1242.80,1.25,-3.75,1.25,-3.75,3.75,3.79,3.27,5.00,5.00,5.00
1255.22,1.31,-3.75,1.31,-3.75,3.75,3.79,3.22,5.06,5.06,5.06
1267.78,1.37,-3.75,1.37,-3.75,3.75,3.79,3.16,5.12,5.12,5.12
1280.45,1.42,-3.75,1.42,-3.75,3.75,3.78,3.11,5.17,5.17,5.17
1293.26,1.48,-3.75,1.48,-3.75,3.75,3.78,3.06,5.23,5.23,5.23
1306.19,1.54,-3.74,1.54,-3.74,3.74,3.77,3.01,5.28,5.28,5.28
1319.25,1.59,-3.74,1.59,-3.74,3.74,3.75,2.96,5.33,5.33,5.33
1332.45,1.64,-3.73,1.64,-3.73,3.73,3.74,2.91,5.38,5.38,5.38
1345.77,1.70,-3.73,1.70,-3.73,3.72,3.73,2.86,5.42,5.42,5.42
1359.23,1.75,-3.71,1.75,-3.71,3.71,3.71,2.82,5.47,5.47,5.47
1372.82,1.81,-3.70,1.81,-3.70,3.70,3.69,2.78,5.51,5.51,5.51
1386.55,1.86,-3.69,1.86,-3.69,3.69,3.67,2.74,5.55,5.55,5.55
1400.41,1.92,-3.67,1.92,-3.67,3.67,3.64,2.70,5.59,5.59,5.59
1414.42,1.97,-3.65,1.97,-3.65,3.65,3.62,2.67,5.63,5.63,5.62
1428.56,2.03,-3.63,2.03,-3.63,3.63,3.59,2.64,5.66,5.66,5.66
1442.85,2.08,-3.61,2.08,-3.61,3.61,3.56,2.60,5.69,5.69,5.69
1457.28,2.14,-3.59,2.14,-3.59,3.59,3.53,2.58,5.72,5.72,5.72
1471.85,2.19,-3.56,2.19,-3.56,3.56,3.49,2.55,5.75,5.75,5.75
1486.57,2.25,-3.53,2.25,-3.53,3.53,3.46,2.52,5.78,5.78,5.78
1501.43,2.30,-3.50,2.30,-3.50,3.50,3.42,2.50,5.80,5.80,5.80
1516.45,2.36,-3.47,2.36,-3.47,3.47,3.38,2.48,5.83,5.83,5.82
1531.61,2.41,-3.43,2.41,-3.43,3.43,3.34,2.46,5.85,5.85,5.84
1546.93,2.47,-3.39,2.47,-3.39,3.39,3.30,2.45,5.87,5.87,5.86
1562.40,2.53,-3.35,2.53,-3.35,3.35,3.26,2.43,5.88,5.88,5.88
1578.02,2.59,-3.31,2.59,-3.31,3.31,3.21,2.42,5.90,5.90,5.90
1593.80,2.65,-3.26,2.65,-3.26,3.26,3.17,2.41,5.91,5.91,5.91
1609.74,2.71,-3.21,2.71,-3.21,3.21,3.12,2.40,5.92,5.92,5.92
1625.84,2.78,-3.16,2.78,-3.16,3.15,3.07,2.39,5.93,5.93,5.93
1642.10,2.85,-3.09,2.85,-3.09,3.09,3.01,2.38,5.94,5.94,5.94
1658.52,2.92,-3.03,2.92,-3.03,3.02,2.96,2.37,5.94,5.94,5.95
1675.10,3.00,-2.95,3.00,-2.95,2.95,2.91,2.37,5.95,5.95,5.95
1691.85,3.08,-2.88,3.08,-2.88,2.88,2.85,2.36,5.96,5.96,5.96
1708.77,3.17,-2.80,3.17,-2.80,2.80,2.79,2.36,5.97,5.97,5.96
1725.86,3.26,-2.72,3.26,-2.72,2.72,2.73,2.35,5.98,5.98,5.97
1743.12,3.35,-2.63,3.34,-2.64,2.64,2.67,2.35,5.99,5.99,5.98
1760.55,3.43,-2.56,3.43,-2.56,2.56,2.61,2.34,6.00,6.00,5.99
1778.15,3.52,-2.48,3.52,-2.48,2.49,2.54,2.34,6.01,6.01,6.00
1795.94,3.61,-2.41,3.61,-2.41,2.41,2.48,2.33,6.02,6.02,6.02
1813.90,3.69,-2.34,3.69,-2.34,2.34,2.41,2.33,6.03,6.03,6.03
1832.03,3.78,-2.27,3.78,-2.27,2.26,2.33,2.32,6.04,6.04,6.05
1850.36,3.87,-2.19,3.87,-2.19,2.19,2.26,2.32,6.05,6.05,6.06
1868.86,3.96,-2.11,3.96,-2.11,2.11,2.18,2.31,6.06,6.06,6.07
1887.55,4.05,-2.03,4.05,-2.03,2.02,2.10,2.30,6.07,6.07,6.08
1906.42,4.14,-1.94,4.14,-1.94,1.94,2.02,2.29,6.08,6.08,6.08
1925.49,4.24,-1.85,4.24,-1.85,1.85,1.94,2.27,6.09,6.09,6.09
1944.74,4.34,-1.76,4.34,-1.76,1.76,1.85,2.26,6.10,6.10,6.10
1964.19,4.43,-1.67,4.43,-1.67,1.67,1.76,2.24,6.11,6.11,6.11
1983.83,4.54,-1.58,4.54,-1.58,1.58,1.67,2.23,6.12,6.12,6.12
2003.67,4.64,-1.49,4.64,-1.49,1.49,1.57,2.21,6.13,6.13,6.13
2023.71,4.74,-1.41,4.74,-1.41,1.41,1.47,2.18,6.15,6.15,6.15
2043.94,4.85,-1.32,4.85,-1.32,1.32,1.37,2.16,6.17,6.17,6.17
2064.38,4.95,-1.24,4.95,-1.24,1.24,1.27,2.13,6.20,6.20,6.20
2085.03,5.06,-1.17,5.06,-1.17,1.17,1.17,2.10,6.22,6.22,6.22
2105.88,5.17,-1.09,5.17,-1.09,1.09,1.08,2.07,6.26,6.26,6.26
2126.94,5.27,-1.02,5.27,-1.02,1.02,0.98,2.04,6.30,6.30,6.30
2148.20,5.38,-0.96,5.38,-0.96,0.96,0.89,2.01,6.34,6.34,6.34
2169.69,5.49,-0.89,5.49,-0.89,0.89,0.81,1.97,6.39,6.39,6.39
2191.38,5.60,-0.84,5.60,-0.84,0.84,0.74,1.93,6.44,6.44,6.44
2213.30,5.71,-0.79,5.71,-0.79,0.79,0.68,1.90,6.50,6.50,6.50
2235.43,5.82,-0.75,5.82,-0.75,0.75,0.63,1.86,6.57,6.57,6.57
2257.78,5.93,-0.71,5.93,-0.71,0.71,0.60,1.82,6.64,6.64,6.64
2280.36,6.03,-0.68,6.03,-0.68,0.68,0.58,1.77,6.72,6.72,6.71
2303.17,6.14,-0.66,6.14,-0.66,0.66,0.57,1.73,6.80,6.80,6.80
2326.20,6.24,-0.65,6.24,-0.65,0.65,0.58,1.69,6.89,6.89,6.89
2349.46,6.34,-0.64,6.34,-0.64,0.64,0.60,1.64,6.99,6.99,6.99
2372.95,6.44,-0.65,6.44,-0.65,0.65,0.63,1.60,7.09,7.09,7.09
2396.68,6.54,-0.66,6.54,-0.66,0.66,0.67,1.56,7.20,7.20,7.20
2420.65,6.63,-0.69,6.63,-0.69,0.69,0.72,1.51,7.32,7.32,7.32
2444.86,6.72,-0.72,6.72,-0.72,0.72,0.77,1.47,7.44,7.44,7.44
2469.31,6.81,-0.76,6.81,-0.76,0.77,0.82,1.42,7.57,7.57,7.57
2494.00,6.89,-0.82,6.89,-0.82,0.82,0.88,1.38,7.71,7.71,7.71
2518.94,6.98,-0.88,6.98,-0.88,0.88,0.94,1.33,7.86,7.86,7.85
2544.13,7.06,-0.95,7.06,-0.95,0.95,1.01,1.29,8.00,8.00,8.00
2569.57,7.13,-1.02,7.13,-1.02,1.03,1.07,1.25,8.16,8.16,8.16
2595.27,7.21,-1.11,7.21,-1.11,1.11,1.14,1.21,8.32,8.32,8.31
2621.22,7.28,-1.20,7.28,-1.20,1.20,1.20,1.16,8.48,8.48,8.48
2647.43,7.35,-1.29,7.35,-1.29,1.29,1.28,1.12,8.64,8.64,8.64
2673.90,7.42,-1.39,7.42,-1.38,1.38,1.35,1.08,8.80,8.80,8.80
2700.64,7.49,-1.48,7.49,-1.48,1.48,1.43,1.04,8.97,8.97,8.97
2727.65,7.56,-1.57,7.56,-1.58,1.57,1.52,1.00,9.13,9.13,9.13
2754.93,7.63,-1.67,7.63,-1.67,1.67,1.61,0.96,9.29,9.29,9.29
2782.48,7.69,-1.76,7.69,-1.76,1.76,1.70,0.92,9.45,9.45,9.45
2810.30,7.76,-1.84,7.76,-1.84,1.84,1.80,0.88,9.60,9.60,9.60
2838.40,7.83,-1.92,7.83,-1.92,1.92,1.91,0.85,9.75,9.75,9.74
2866.79,7.89,-1.98,7.89,-1.99,1.99,2.01,0.81,9.88,9.88,9.87
2895.46,7.95,-2.05,7.95,-2.05,2.05,2.10,0.77,10.00,10.00,10.00
2924.41,8.02,-2.09,8.02,-2.09,2.09,2.19,0.74,10.11,10.10,10.11
2953.65,8.08,-2.13,8.08,-2.12,2.12,2.26,0.70,10.20,10.20,10.21
2983.19,8.15,-2.13,8.15,-2.14,2.13,2.30,0.67,10.28,10.28,10.29
3013.02,8.23,-2.13,8.23,-2.13,2.11,2.31,0.64,10.35,10.35,10.36
3043.15,8.32,-2.10,8.32,-2.09,2.08,2.28,0.60,10.40,10.40,10.42
3073.58,8.41,-2.04,8.41,-2.04,2.03,2.22,0.57,10.44,10.44,10.45
3104.32,8.50,-1.97,8.50,-1.97,1.96,2.13,0.54,10.46,10.46,10.47
3135.36,8.59,-1.88,8.59,-1.88,1.88,2.01,0.51,10.46,10.46,10.46
3166.72,8.66,-1.77,8.66,-1.77,1.78,1.87,0.48,10.44,10.44,10.44
3198.38,8.73,-1.66,8.73,-1.66,1.67,1.71,0.45,10.40,10.40,10.40
3230.37,8.78,-1.54,8.78,-1.54,1.55,1.55,0.42,10.33,10.33,10.32
3262.67,8.82,-1.42,8.82,-1.42,1.43,1.39,0.39,10.25,10.25,10.24
3295.30,8.85,-1.29,8.85,-1.29,1.30,1.23,0.36,10.15,10.15,10.14
3328.25,8.86,-1.16,8.87,-1.16,1.17,1.08,0.33,10.03,10.03,10.02
3361.53,8.87,-1.03,8.87,-1.03,1.03,0.92,0.31,9.90,9.90,9.90
3395.15,8.87,-0.89,8.87,-0.89,0.89,0.77,0.28,9.76,9.76,9.76
3429.10,8.86,-0.75,8.86,-0.75,0.74,0.63,0.26,9.61,9.61,9.61
3463.39,8.85,-0.60,8.85,-0.60,0.59,0.48,0.23,9.44,9.44,9.45
3498.03,8.84,-0.44,8.84,-0.43,0.42,0.34,0.21,9.26,9.26,9.27
3533.01,8.82,-0.26,8.82,-0.26,0.25,0.19,0.19,9.07,9.07,9.08
3568.34,8.80,-0.08,8.80,-0.08,0.07,0.04,0.17,8.86,8.86,8.87
3604.02,8.77,0.12,8.77,0.12,-0.13,-0.11,0.15,8.65,8.64,8.66
3640.06,8.74,0.32,8.74,0.32,-0.32,-0.26,0.13,8.42,8.42,8.42
3676.46,8.71,0.52,8.71,0.52,-0.52,-0.43,0.11,8.18,8.19,8.19
3713.22,8.67,0.72,8.67,0.72,-0.72,-0.59,0.09,7.95,7.95,7.95
3750.36,8.63,0.92,8.63,0.92,-0.92,-0.77,0.08,7.71,7.71,7.71
3787.86,8.58,1.10,8.58,1.11,-1.10,-0.94,0.06,7.48,7.48,7.47
3825.74,8.52,1.28,8.52,1.28,-1.27,-1.13,0.05,7.25,7.25,7.24
3864.00,8.46,1.44,8.46,1.43,-1.42,-1.31,0.04,7.04,7.03,7.02
3902.64,8.39,1.56,8.39,1.57,-1.56,-1.49,0.03,6.83,6.83,6.83
3941.66,8.31,1.68,8.31,1.68,-1.67,-1.66,0.02,6.64,6.64,6.63
3981.08,8.23,1.77,8.23,1.77,-1.77,-1.82,0.01,6.46,6.46,6.46
4020.89,8.13,1.84,8.14,1.84,-1.84,-1.96,0.01,6.30,6.30,6.30
4061.10,8.04,1.89,8.04,1.89,-1.89,-2.06,0.00,6.15,6.14,6.14
4101.71,7.93,1.92,7.93,1.92,-1.92,-2.13,-0.00,6.01,6.01,6.01
4142.73,7.81,1.93,7.81,1.93,-1.94,-2.15,-0.00,5.88,5.88,5.88
4184.15,7.69,1.93,7.69,1.93,-1.93,-2.15,-0.00,5.76,5.76,5.76
4226.00,7.55,1.90,7.55,1.90,-1.90,-2.08,-0.00,5.65,5.65,5.65
4268.26,7.41,1.86,7.41,1.86,-1.86,-1.99,0.00,5.55,5.55,5.55
4310.94,7.26,1.80,7.26,1.80,-1.80,-1.87,0.01,5.46,5.46,5.46
4354.05,7.10,1.72,7.10,1.72,-1.72,-1.72,0.01,5.38,5.38,5.38
4397.59,6.92,1.62,6.93,1.62,-1.62,-1.55,0.02,5.30,5.31,5.30
4441.56,6.75,1.51,6.75,1.51,-1.50,-1.37,0.03,5.24,5.24,5.24
4485.98,6.56,1.37,6.56,1.37,-1.37,-1.20,0.04,5.19,5.19,5.19
4530.84,6.37,1.23,6.37,1.23,-1.22,-1.01,0.05,5.15,5.15,5.15
4576.15,6.18,1.06,6.18,1.06,-1.06,-0.84,0.06,5.12,5.12,5.12
4621.91,5.98,0.89,5.98,0.89,-0.88,-0.66,0.07,5.10,5.10,5.09
4668.13,5.78,0.70,5.78,0.70,-0.70,-0.50,0.08,5.08,5.08,5.08
4714.81,5.58,0.50,5.58,0.50,-0.50,-0.33,0.09,5.08,5.08,5.08
4761.96,5.37,0.29,5.37,0.29,-0.29,-0.18,0.11,5.08,5.08,5.08
4809.58,5.16,0.07,5.16,0.07,-0.07,-0.02,0.12,5.09,5.09,5.09
4857.67,4.96,-0.15,4.96,-0.15,0.15,0.13,0.14,5.11,5.11,5.11
4906.25,4.75,-0.38,4.75,-0.38,0.38,0.27,0.15,5.13,5.13,5.13
4955.31,4.55,-0.60,4.55,-0.60,0.60,0.42,0.17,5.15,5.15,5.15
5004.87,4.35,-0.83,4.35,-0.83,0.83,0.57,0.18,5.17,5.17,5.17
5054.91,4.15,-1.05,4.15,-1.05,1.05,0.73,0.20,5.20,5.20,5.20
5105.46,3.96,-1.27,3.96,-1.27,1.26,0.89,0.22,5.22,5.22,5.22
5156.52,3.77,-1.48,3.77,-1.48,1.48,1.06,0.24,5.24,5.24,5.24
5208.08,3.58,-1.68,3.59,-1.68,1.68,1.23,0.26,5.26,5.26,5.26
5260.16,3.41,-1.87,3.41,-1.87,1.87,1.42,0.27,5.28,5.28,5.28
5312.77,3.24,-2.05,3.24,-2.05,2.05,1.61,0.29,5.29,5.29,5.30
5365.89,3.08,-2.22,3.08,-2.22,2.22,1.83,0.31,5.30,5.30,5.30
5419.55,2.93,-2.38,2.93,-2.38,2.37,2.05,0.33,5.30,5.30,5.31
5473.75,2.78,-2.52,2.79,-2.52,2.51,2.29,0.35,5.30,5.30,5.31
5528.49,2.65,-2.66,2.66,-2.65,2.64,2.53,0.38,5.29,5.30,5.31
5583.77,2.53,-2.77,2.54,-2.77,2.76,2.78,0.40,5.28,5.29,5.30
5639.61,2.42,-2.88,2.43,-2.87,2.86,3.03,0.42,5.27,5.28,5.29
5696.00,2.31,-2.98,2.33,-2.96,2.95,3.24,0.44,5.26,5.28,5.29
5752.96,2.23,-3.06,2.25,-3.05,3.03,3.45,0.46,5.26,5.28,5.29
5810.49,2.15,-3.14,2.18,-3.13,3.10,3.59,0.49,5.25,5.28,5.29
5868.60,2.09,-3.22,2.13,-3.20,3.17,3.70,0.51,5.26,5.30,5.32
5927.28,2.05,-3.31,2.10,-3.27,3.26,3.71,0.54,5.31,5.36,5.36
5986.56,2.02,-3.40,2.09,-3.35,3.36,3.69,0.56,5.38,5.45,5.41
6046.42,2.01,-3.50,2.10,-3.43,3.44,3.56,0.59,5.45,5.54,5.51
6106.89,2.02,-3.61,2.14,-3.53,3.50,3.42,0.61,5.51,5.64,5.63
6167.96,2.04,-3.75,2.21,-3.64,3.51,3.22,0.64,5.56,5.72,5.80
6229.64,2.09,-3.92,2.30,-3.76,3.48,3.00,0.67,5.57,5.78,6.01
6291.93,2.16,-4.11,2.44,-3.89,3.39,2.77,0.69,5.55,5.83,6.27
6354.85,2.26,-4.33,2.60,-4.02,3.24,2.54,0.72,5.50,5.84,6.59
6418.40,2.38,-4.55,2.81,-4.14,3.03,2.33,0.75,5.41,5.84,6.93
6482.58,2.52,-4.79,3.05,-4.22,2.76,2.11,0.78,5.29,5.82,7.31
6547.41,2.70,-4.99,3.34,-4.24,2.45,1.93,0.81,5.16,5.79,7.69
6612.88,2.90,-5.17,3.65,-4.17,2.12,1.75,0.84,5.02,5.77,8.07
6679.01,3.14,-5.27,4.00,-3.99,1.77,1.60,0.87,4.91,5.77,8.41
6745.80,3.42,-5.26,4.37,-3.71,1.44,1.45,0.90,4.86,5.81,8.69
6813.26,3.73,-5.18,4.74,-3.31,1.15,1.33,0.93,4.88,5.89,8.91
6881.39,4.09,-4.94,5.11,-2.82,0.89,1.21,0.96,4.98,6.00,9.03
6950.21,4.51,-4.56,5.45,-2.29,0.66,1.12,0.99,5.17,6.12,9.07
7019.71,4.97,-4.08,5.76,-1.74,0.46,1.02,1.01,5.43,6.23,9.05
7089.91,5.49,-3.47,6.03,-1.22,0.30,0.95,1.04,5.79,6.33,8.96
7160.81,6.09,-2.73,6.24,-0.76,0.17,0.87,1.07,6.27,6.41,8.82
7232.41,6.76,-1.92,6.40,-0.37,0.08,0.81,1.10,6.84,6.48,8.68
7304.74,7.50,-1.05,6.51,-0.05,0.01,0.75,1.12,7.51,6.53,8.54
7377.79,8.33,-0.11,6.58,0.20,-0.03,0.70,1.14,8.31,6.55,8.44
7451.56,9.24,0.85,6.61,0.39,-0.05,0.65,1.16,9.19,6.56,8.39
7526.08,10.19,1.79,6.61,0.52,-0.06,0.60,1.18,10.14,6.56,8.40
7601.34,11.19,2.72,6.59,0.62,-0.06,0.56,1.20,11.13,6.54,8.47
7677.35,12.14,3.52,6.55,0.70,-0.05,0.53,1.21,12.09,6.50,8.63
7754.13,13.07,4.26,6.50,0.74,-0.04,0.49,1.23,13.03,6.46,8.81
7831.67,13.79,4.71,6.44,0.77,-0.03,0.47,1.23,13.76,6.41,9.08
7909.98,14.36,5.01,6.37,0.79,-0.02,0.44,1.24,14.34,6.34,9.36
7989.08,14.71,5.06,6.30,0.80,-0.02,0.41,1.24,14.69,6.28,9.65
8068.98,14.69,4.80,6.23,0.80,-0.01,0.39,1.24,14.67,6.21,9.88
8149.67,14.46,4.40,6.16,0.79,-0.01,0.37,1.23,14.45,6.15,10.05
8231.16,13.97,3.84,6.09,0.78,-0.01,0.35,1.23,13.96,6.08,10.13
8313.47,13.26,3.22,6.02,0.77,-0.00,0.33,1.22,13.25,6.01,10.03
8396.61,12.45,2.62,5.95,0.75,-0.00,0.31,1.20,12.45,5.94,9.83
8480.57,11.55,2.11,5.87,0.73,-0.00,0.30,1.18,11.55,5.87,9.44
8565.38,10.65,1.76,5.79,0.71,-0.00,0.28,1.17,10.65,5.79,8.89
8651.03,9.79,1.55,5.70,0.69,-0.00,0.27,1.14,9.79,5.70,8.24
8737.54,8.98,1.50,5.61,0.67,-0.00,0.25,1.12,8.98,5.61,7.48
8824.92,8.27,1.61,5.51,0.65,-0.00,0.24,1.09,8.27,5.51,6.66
8913.17,7.67,1.87,5.41,0.64,-0.00,0.23,1.06,7.67,5.41,5.80
9002.30,7.10,2.16,5.30,0.63,-0.00,0.22,1.03,7.10,5.30,4.94
9092.32,6.65,2.54,5.19,0.63,-0.00,0.21,1.00,6.65,5.19,4.11
9183.25,6.26,2.94,5.07,0.64,-0.00,0.20,0.97,6.26,5.07,3.32
9275.08,5.91,3.33,4.94,0.65,-0.00,0.19,0.93,5.91,4.94,2.57
9367.83,5.60,3.72,4.81,0.68,-0.00,0.18,0.90,5.60,4.81,1.89
9461.51,5.32,4.05,4.66,0.71,-0.00,0.18,0.87,5.32,4.66,1.28
9556.12,5.05,4.32,4.52,0.75,-0.00,0.17,0.83,5.05,4.52,0.73
9651.68,4.77,4.52,4.37,0.79,-0.00,0.16,0.80,4.77,4.37,0.25
9748.20,4.48,4.65,4.22,0.84,-0.00,0.15,0.76,4.48,4.22,-0.16
9845.68,4.15,4.63,4.06,0.89,-0.00,0.15,0.73,4.15,4.06,-0.48
9944.14,3.78,4.52,3.90,0.94,-0.00,0.14,0.69,3.78,3.90,-0.73
10043.58,3.36,4.27,3.74,0.99,-0.00,0.14,0.66,3.36,3.74,-0.91
10144.02,2.90,3.92,3.53,0.92,-0.00,0.13,0.63,2.90,3.53,-1.02
10245.46,2.37,3.40,3.31,0.85,-0.00,0.13,0.60,2.37,3.31,-1.02
10347.91,1.81,2.78,3.08,0.78,-0.00,0.12,0.57,1.81,3.08,-0.97
10451.39,1.22,2.07,2.84,0.71,-0.00,0.12,0.54,1.22,2.84,-0.85
10555.91,0.62,1.25,2.60,0.62,-0.00,0.11,0.51,0.62,2.60,-0.64
10661.46,0.04,0.42,2.35,0.54,-0.00,0.11,0.48,0.04,2.35,-0.39
10768.08,-0.51,-0.39,2.09,0.45,-0.00,0.10,0.45,-0.51,2.09,-0.12
10875.76,-1.00,-1.13,1.83,0.35,-0.00,0.10,0.42,-1.00,1.83,0.13
10984.52,-1.46,-1.71,1.56,0.25,-0.00,0.09,0.39,-1.46,1.56,0.25
11094.36,-1.91,-2.15,1.28,0.15,-0.00,0.09,0.37,-1.91,1.28,0.25
11205.31,-2.36,-2.38,0.99,0.04,0.00,0.09,0.34,-2.36,0.99,0.03
11317.36,-2.81,-2.24,0.70,-0.07,0.00,0.08,0.32,-2.81,0.70,-0.57
11430.53,-3.26,-1.93,0.40,-0.19,0.00,0.08,0.29,-3.26,0.40,-1.33
11544.84,-3.68,-1.27,0.09,-0.31,0.00,0.08,0.27,-3.68,0.09,-2.41
11660.29,-4.05,-0.40,-0.22,-0.44,0.00,0.07,0.25,-4.05,-0.22,-3.66
11776.89,-4.40,0.53,-0.55,-0.57,0.00,0.07,0.22,-4.40,-0.55,-4.93
11894.66,-4.63,1.28,-0.88,-0.71,0.00,0.07,0.20,-4.63,-0.88,-5.91
12013.60,-4.84,1.97,-1.21,-0.85,0.00,0.07,0.18,-4.84,-1.21,-6.81
12133.74,-4.99,2.26,-1.56,-0.99,0.00,0.06,0.16,-4.99,-1.56,-7.25
12255.08,-5.05,2.09,-1.91,-1.14,0.00,0.06,0.14,-5.05,-1.91,-7.14
12377.63,-5.05,1.68,-2.27,-1.29,0.00,0.06,0.11,-5.05,-2.27,-6.73
12501.41,-5.01,1.11,-2.63,-1.45,0.00,0.06,0.09,-5.01,-2.63,-6.11
12626.42,-4.90,0.41,-3.00,-1.62,0.00,0.05,0.07,-4.90,-3.00,-5.31
12752.68,-4.78,-0.34,-3.38,-1.78,0.00,0.05,0.05,-4.78,-3.38,-4.43
12880.21,-4.69,-1.16,-3.77,-1.96,0.00,0.05,0.03,-4.69,-3.77,-3.54
13009.01,-4.64,-2.00,-4.17,-2.13,0.00,0.05,0.00,-4.64,-4.17,-2.63
13139.10,-4.58,-2.85,-4.57,-2.31,0.00,0.04,-0.02,-4.58,-4.57,-1.73
13270.49,-4.72,-3.75,-4.98,-2.50,0.00,0.04,-0.04,-4.72,-4.98,-0.96
13403.20,-4.93,-4.67,-5.39,-2.69,0.00,0.04,-0.07,-4.93,-5.39,-0.26
13537.23,-5.37,-5.56,-5.82,-2.89,0.00,0.04,-0.09,-5.37,-5.82,0.19
13672.60,-5.89,-6.39,-6.25,-3.09,0.00,0.04,-0.12,-5.89,-6.25,0.49
13809.33,-6.50,-7.14,-6.68,-3.29,0.00,0.04,-0.14,-6.50,-6.68,0.65
13947.42,-7.14,-7.70,-7.13,-3.50,0.00,0.03,-0.17,-7.14,-7.13,0.57
14086.90,-7.73,-8.10,-7.58,-3.71,0.00,0.03,-0.20,-7.73,-7.58,0.37
14227.77,-8.31,-8.41,-8.04,-3.93,0.00,0.03,-0.23,-8.31,-8.04,0.10
14370.04,-8.88,-8.69,-8.51,-4.15,0.00,0.03,-0.26,-8.88,-8.51,-0.19
14513.74,-9.45,-8.95,-8.98,-4.38,0.00,0.03,-0.30,-9.45,-8.98,-0.50
14658.88,-10.07,-9.27,-9.46,-4.61,0.00,0.03,-0.33,-10.07,-9.46,-0.80
14805.47,-10.70,-9.58,-9.95,-4.84,0.00,0.03,-0.37,-10.70,-9.95,-1.12
14953.52,-11.34,-9.88,-10.45,-5.09,0.00,0.02,-0.40,-11.34,-10.45,-1.47
15103.06,-11.94,-10.02,-10.95,-5.33,0.00,0.02,-0.44,-11.94,-10.95,-1.93
15254.09,-12.52,-10.07,-11.46,-5.58,0.00,0.02,-0.47,-12.52,-11.46,-2.44
15406.63,-12.99,-9.79,-11.98,-5.83,0.00,0.02,-0.50,-12.99,-11.98,-3.20
15560.70,-13.45,-9.39,-12.50,-6.09,0.00,0.02,-0.53,-13.45,-12.50,-4.06
15716.30,-13.86,-8.80,-13.03,-6.36,0.00,0.02,-0.55,-13.86,-13.03,-5.06
15873.47,-14.30,-8.11,-13.57,-6.62,0.00,0.02,-0.57,-14.30,-13.57,-6.19
16032.20,-14.76,-7.40,-14.12,-6.90,0.00,0.02,-0.57,-14.76,-14.12,-7.36
16192.52,-15.28,-6.72,-14.67,-7.17,0.00,0.01,-0.57,-15.28,-14.67,-8.55
16354.45,-15.73,-6.06,-15.23,-7.45,0.00,0.01,-0.56,-15.73,-15.23,-9.67
16517.99,-16.12,-5.41,-15.80,-7.74,0.00,0.01,-0.54,-16.12,-15.80,-10.71
16683.17,-16.34,-4.79,-16.38,-8.03,0.00,0.01,-0.51,-16.34,-16.38,-11.55
16850.01,-16.56,-4.31,-16.96,-8.33,0.00,0.01,-0.47,-16.56,-16.96,-12.24
17018.51,-16.79,-3.97,-17.55,-8.62,0.00,0.01,-0.43,-16.79,-17.55,-12.82
17188.69,-17.13,-3.91,-18.15,-8.93,0.00,0.01,-0.39,-17.13,-18.15,-13.22
17360.58,-17.53,-4.02,-18.75,-9.24,0.00,0.01,-0.35,-17.53,-18.75,-13.50
17534.18,-17.97,-4.29,-19.36,-9.55,0.00,0.01,-0.31,-17.97,-19.36,-13.68
17709.53,-18.45,-4.78,-19.98,-9.87,0.00,0.01,-0.27,-18.45,-19.98,-13.67
17886.62,-18.95,-5.51,-20.61,-10.19,0.00,0.01,-0.24,-18.95,-20.61,-13.45
18065.49,-19.46,-6.40,-21.24,-10.52,0.00,0.01,-0.21,-19.46,-21.24,-13.06
18246.14,-19.98,-7.46,-21.88,-10.85,0.00,0.01,-0.18,-19.98,-21.88,-12.51
18428.60,-20.53,-8.72,-22.53,-11.18,0.00,0.01,-0.15,-20.53,-22.53,-11.82
18612.89,-21.15,-10.02,-23.18,-11.53,0.00,0.00,-0.13,-21.15,-23.18,-11.13
18799.02,-21.83,-11.36,-23.84,-11.87,0.00,0.00,-0.11,-21.83,-23.84,-10.48
18987.01,-22.64,-12.70,-24.51,-12.22,0.00,0.00,-0.09,-22.64,-24.51,-9.94
19176.88,-23.65,-14.01,-25.19,-12.57,0.00,0.00,-0.08,-23.65,-25.19,-9.64
19368.65,-24.81,-15.30,-25.87,-12.93,0.00,0.00,-0.06,-24.81,-25.87,-9.51
19562.33,-26.08,-16.55,-26.56,-13.30,0.00,0.00,-0.05,-26.08,-26.56,-9.53
19757.96,-27.40,-17.75,-27.26,-13.66,0.00,0.00,-0.04,-27.40,-27.26,-9.65
19955.54,-28.73,-18.95,-27.97,-14.04,0.00,0.00,-0.03,-28.73,-27.97,-9.78
