frequency,raw,error,smoothed,error_smoothed,equalization,parametric_eq,fixed_band_eq,equalized_raw,equalized_smoothed,target
20.00,4.82,-4.01,4.82,-4.01,4.01,-0.04,1.18,8.83,8.83,8.83
20.20,4.85,-3.96,4.85,-3.96,3.96,-0.04,1.21,8.81,8.81,8.81
20.40,4.88,-3.91,4.88,-3.91,3.91,-0.04,1.25,8.79,8.79,8.80
20.61,4.92,-3.86,4.93,-3.86,3.86,-0.04,1.29,8.79,8.79,8.78
20.81,4.97,-3.81,4.97,-3.81,3.82,-0.04,1.33,8.79,8.79,8.79
21.02,5.03,-3.77,5.03,-3.77,3.78,-0.04,1.37,8.80,8.80,8.80
21.23,5.08,-3.73,5.08,-3.73,3.73,-0.05,1.41,8.82,8.82,8.82
21.44,5.14,-3.70,5.14,-3.70,3.69,-0.05,1.45,8.83,8.83,8.84
21.66,5.19,-3.66,5.19,-3.66,3.65,-0.05,1.50,8.84,8.85,8.85
21.87,5.24,-3.63,5.24,-3.63,3.61,-0.05,1.54,8.85,8.85,8.87
22.09,5.28,-3.59,5.28,-3.59,3.58,-0.05,1.59,8.85,8.85,8.86
22.31,5.31,-3.54,5.31,-3.54,3.55,-0.05,1.64,8.85,8.85,8.85
22.54,5.32,-3.51,5.32,-3.51,3.52,-0.05,1.69,8.84,8.84,8.83
22.76,5.33,-3.48,5.33,-3.48,3.49,-0.05,1.74,8.83,8.82,8.81
22.99,5.32,-3.46,5.32,-3.46,3.48,-0.05,1.79,8.80,8.80,8.78
23.22,5.31,-3.46,5.31,-3.46,3.47,-0.05,1.84,8.78,8.78,8.77
23.45,5.30,-3.45,5.30,-3.45,3.46,-0.06,1.90,8.76,8.76,8.76
23.69,5.30,-3.45,5.30,-3.45,3.45,-0.06,1.95,8.75,8.75,8.75
23.92,5.30,-3.45,5.30,-3.45,3.44,-0.06,2.01,8.74,8.74,8.75
24.16,5.31,-3.44,5.31,-3.44,3.43,-0.06,2.07,8.73,8.73,8.74
24.40,5.33,-3.41,5.33,-3.41,3.40,-0.06,2.12,8.73,8.73,8.74
24.65,5.36,-3.38,5.36,-3.38,3.37,-0.06,2.18,8.73,8.73,8.74
24.89,5.40,-3.34,5.41,-3.34,3.33,-0.06,2.24,8.73,8.73,8.74
25.14,5.46,-3.28,5.46,-3.28,3.28,-0.06,2.30,8.74,8.74,8.74
25.39,5.52,-3.22,5.52,-3.22,3.22,-0.07,2.36,8.74,8.74,8.74
25.65,5.57,-3.15,5.57,-3.15,3.15,-0.07,2.42,8.73,8.73,8.73
25.91,5.63,-3.08,5.63,-3.09,3.08,-0.07,2.48,8.71,8.71,8.71
26.16,5.67,-3.02,5.67,-3.02,3.01,-0.07,2.54,8.68,8.68,8.69
26.43,5.72,-2.95,5.72,-2.94,2.94,-0.07,2.60,8.66,8.66,8.66
26.69,5.76,-2.87,5.76,-2.87,2.88,-0.07,2.65,8.64,8.64,8.63
26.96,5.80,-2.80,5.80,-2.81,2.82,-0.07,2.71,8.62,8.62,8.61
27.23,5.84,-2.75,5.83,-2.75,2.78,-0.08,2.76,8.61,8.61,8.58
27.50,5.86,-2.72,5.86,-2.72,2.74,-0.08,2.82,8.60,8.60,8.57
27.77,5.87,-2.70,5.87,-2.70,2.71,-0.08,2.87,8.58,8.58,8.57
28.05,5.88,-2.69,5.88,-2.69,2.69,-0.08,2.91,8.57,8.57,8.57
28.33,5.88,-2.69,5.88,-2.69,2.68,-0.08,2.96,8.56,8.56,8.57
28.62,5.88,-2.68,5.88,-2.68,2.67,-0.08,3.00,8.55,8.55,8.56
28.90,5.89,-2.66,5.89,-2.66,2.65,-0.09,3.04,8.54,8.54,8.55
29.19,5.89,-2.64,5.89,-2.64,2.63,-0.09,3.07,8.52,8.52,8.53
29.48,5.90,-2.61,5.90,-2.61,2.60,-0.09,3.10,8.50,8.50,8.51
29.78,5.92,-2.57,5.92,-2.57,2.56,-0.09,3.12,8.48,8.48,8.49
30.08,5.94,-2.52,5.95,-2.52,2.52,-0.09,3.14,8.46,8.46,8.47
30.38,5.99,-2.47,5.99,-2.47,2.47,-0.09,3.16,8.45,8.46,8.45
30.68,6.04,-2.41,6.03,-2.41,2.41,-0.10,3.16,8.45,8.45,8.45
30.99,6.09,-2.35,6.09,-2.35,2.36,-0.10,3.17,8.44,8.44,8.44
31.30,6.13,-2.30,6.13,-2.30,2.30,-0.10,3.17,8.44,8.43,8.43
31.61,6.18,-2.24,6.18,-2.24,2.24,-0.10,3.16,8.42,8.42,8.42
31.93,6.22,-2.19,6.22,-2.19,2.18,-0.10,3.15,8.40,8.40,8.41
32.24,6.25,-2.14,6.25,-2.13,2.13,-0.11,3.13,8.38,8.38,8.39
32.57,6.28,-2.08,6.28,-2.08,2.08,-0.11,3.11,8.36,8.36,8.36
32.89,6.32,-2.03,6.32,-2.03,2.03,-0.11,3.08,8.35,8.35,8.34
33.22,6.34,-1.98,6.34,-1.98,1.99,-0.11,3.05,8.33,8.33,8.32
33.55,6.36,-1.94,6.36,-1.94,1.95,-0.11,3.01,8.31,8.31,8.30
33.89,6.38,-1.91,6.38,-1.91,1.90,-0.12,2.97,8.28,8.28,8.29
34.23,6.39,-1.88,6.40,-1.88,1.87,-0.12,2.92,8.26,8.26,8.27
34.57,6.41,-1.85,6.41,-1.85,1.83,-0.12,2.87,8.24,8.24,8.26
34.92,6.43,-1.81,6.43,-1.81,1.81,-0.12,2.82,8.23,8.23,8.24
35.27,6.44,-1.78,6.44,-1.78,1.78,-0.13,2.76,8.23,8.23,8.22
35.62,6.45,-1.75,6.45,-1.75,1.77,-0.13,2.71,8.22,8.22,8.20
35.97,6.45,-1.73,6.45,-1.74,1.76,-0.13,2.64,8.21,8.21,8.18
36.33,6.43,-1.74,6.43,-1.74,1.75,-0.13,2.58,8.19,8.19,8.17
36.70,6.41,-1.75,6.41,-1.75,1.75,-0.14,2.52,8.16,8.16,8.16
37.06,6.38,-1.76,6.38,-1.76,1.75,-0.14,2.45,8.13,8.13,8.14
37.43,6.35,-1.77,6.35,-1.77,1.75,-0.14,2.39,8.11,8.11,8.13
37.81,6.33,-1.77,6.33,-1.77,1.75,-0.15,2.32,8.08,8.08,8.10
38.19,6.31,-1.76,6.31,-1.76,1.75,-0.15,2.25,8.06,8.06,8.07
38.57,6.30,-1.74,6.30,-1.75,1.74,-0.15,2.18,8.04,8.04,8.04
38.95,6.29,-1.72,6.29,-1.72,1.73,-0.16,2.12,8.02,8.02,8.01
39.34,6.29,-1.70,6.29,-1.70,1.72,-0.16,2.05,8.00,8.00,7.99
39.74,6.29,-1.68,6.29,-1.68,1.70,-0.16,1.98,7.99,7.98,7.97
40.14,6.29,-1.67,6.29,-1.67,1.68,-0.16,1.91,7.97,7.96,7.95
40.54,6.29,-1.65,6.29,-1.65,1.65,-0.17,1.85,7.94,7.94,7.94
40.94,6.30,-1.63,6.29,-1.63,1.62,-0.17,1.78,7.91,7.91,7.92
41.35,6.31,-1.60,6.31,-1.60,1.57,-0.18,1.72,7.89,7.89,7.91
41.76,6.33,-1.55,6.34,-1.55,1.52,-0.18,1.65,7.85,7.86,7.89
42.18,6.38,-1.48,6.38,-1.48,1.45,-0.18,1.59,7.83,7.83,7.86
42.60,6.44,-1.40,6.44,-1.40,1.38,-0.19,1.53,7.82,7.82,7.84
43.03,6.51,-1.31,6.51,-1.31,1.30,-0.19,1.46,7.81,7.81,7.81
43.46,6.57,-1.22,6.57,-1.22,1.24,-0.19,1.40,7.81,7.81,7.79
43.90,6.63,-1.14,6.62,-1.14,1.18,-0.20,1.34,7.80,7.80,7.77
44.33,6.66,-1.08,6.65,-1.09,1.13,-0.20,1.29,7.79,7.78,7.74
44.78,6.65,-1.07,6.65,-1.07,1.10,-0.21,1.23,7.75,7.75,7.72
45.23,6.62,-1.07,6.62,-1.07,1.09,-0.21,1.17,7.71,7.71,7.69
45.68,6.58,-1.09,6.58,-1.09,1.09,-0.21,1.12,7.67,7.67,7.67
46.13,6.52,-1.12,6.53,-1.12,1.10,-0.22,1.06,7.62,7.63,7.64
46.60,6.47,-1.14,6.48,-1.14,1.12,-0.22,1.01,7.59,7.59,7.61
47.06,6.44,-1.15,6.44,-1.15,1.13,-0.23,0.96,7.57,7.57,7.58
47.53,6.41,-1.15,6.41,-1.15,1.14,-0.23,0.91,7.55,7.55,7.56
48.01,6.39,-1.14,6.39,-1.14,1.14,-0.24,0.86,7.53,7.53,7.53
48.49,6.38,-1.12,6.38,-1.12,1.13,-0.24,0.81,7.51,7.51,7.50
48.97,6.37,-1.10,6.37,-1.11,1.10,-0.25,0.76,7.48,7.47,7.48
49.46,6.37,-1.08,6.37,-1.08,1.07,-0.25,0.71,7.44,7.44,7.45
49.96,6.38,-1.04,6.38,-1.04,1.02,-0.26,0.67,7.40,7.41,7.42
50.46,6.41,-0.99,6.41,-0.99,0.97,-0.26,0.62,7.39,7.39,7.40
50.96,6.45,-0.92,6.45,-0.92,0.92,-0.27,0.58,7.37,7.37,7.37
51.47,6.49,-0.86,6.49,-0.86,0.87,-0.27,0.53,7.36,7.36,7.35
51.99,6.53,-0.80,6.52,-0.80,0.82,-0.28,0.49,7.34,7.34,7.33
52.51,6.55,-0.75,6.55,-0.75,0.77,-0.28,0.45,7.32,7.32,7.30
53.03,6.56,-0.71,6.56,-0.72,0.74,-0.29,0.41,7.30,7.30,7.28
53.56,6.56,-0.69,6.56,-0.69,0.71,-0.30,0.36,7.27,7.27,7.25
54.10,6.55,-0.67,6.54,-0.67,0.69,-0.30,0.33,7.23,7.23,7.22
54.64,6.53,-0.66,6.52,-0.67,0.67,-0.31,0.29,7.19,7.19,7.19
55.18,6.50,-0.66,6.50,-0.65,0.64,-0.32,0.25,7.14,7.14,7.16
55.74,6.49,-0.63,6.50,-0.63,0.61,-0.32,0.21,7.10,7.10,7.13
56.29,6.51,-0.59,6.51,-0.59,0.56,-0.33,0.17,7.07,7.07,7.10
56.86,6.54,-0.53,6.54,-0.53,0.51,-0.33,0.14,7.05,7.05,7.07
57.42,6.59,-0.45,6.59,-0.45,0.44,-0.34,0.10,7.03,7.02,7.04
58.00,6.64,-0.37,6.64,-0.36,0.36,-0.35,0.07,7.00,7.00,7.01
58.58,6.70,-0.27,6.70,-0.27,0.27,-0.36,0.04,6.97,6.97,6.97
59.16,6.76,-0.18,6.76,-0.18,0.19,-0.36,0.00,6.94,6.94,6.94
59.76,6.80,-0.10,6.80,-0.09,0.11,-0.37,-0.03,6.91,6.91,6.90
60.35,6.83,-0.02,6.83,-0.02,0.04,-0.38,-0.06,6.87,6.87,6.85
60.96,6.85,0.04,6.84,0.04,-0.01,-0.39,-0.09,6.83,6.83,6.81
61.57,6.84,0.08,6.84,0.07,-0.05,-0.39,-0.12,6.80,6.79,6.77
62.18,6.82,0.09,6.82,0.09,-0.07,-0.40,-0.15,6.76,6.76,6.74
62.80,6.80,0.08,6.80,0.08,-0.07,-0.41,-0.17,6.72,6.72,6.72
63.43,6.77,0.07,6.77,0.07,-0.07,-0.42,-0.20,6.69,6.69,6.70
64.07,6.74,0.05,6.74,0.05,-0.07,-0.43,-0.23,6.67,6.67,6.69
64.71,6.70,0.04,6.70,0.04,-0.06,-0.44,-0.26,6.64,6.64,6.66
65.35,6.66,0.04,6.66,0.04,-0.05,-0.45,-0.28,6.61,6.61,6.62
66.01,6.63,0.05,6.63,0.05,-0.05,-0.45,-0.31,6.58,6.58,6.58
66.67,6.60,0.07,6.60,0.06,-0.06,-0.46,-0.33,6.54,6.54,6.53
67.33,6.58,0.08,6.58,0.08,-0.08,-0.47,-0.36,6.50,6.50,6.50
68.01,6.57,0.10,6.57,0.10,-0.11,-0.48,-0.38,6.46,6.46,6.47
68.69,6.57,0.13,6.57,0.13,-0.14,-0.49,-0.40,6.43,6.43,6.45
69.37,6.58,0.16,6.58,0.17,-0.19,-0.50,-0.43,6.39,6.39,6.41
70.07,6.59,0.21,6.59,0.22,-0.23,-0.51,-0.45,6.36,6.36,6.37
70.77,6.60,0.28,6.60,0.28,-0.28,-0.52,-0.47,6.32,6.32,6.32
71.48,6.61,0.34,6.61,0.34,-0.33,-0.54,-0.50,6.29,6.29,6.27
72.19,6.62,0.40,6.62,0.39,-0.37,-0.55,-0.52,6.26,6.26,6.23
72.91,6.63,0.43,6.62,0.43,-0.40,-0.56,-0.54,6.23,6.22,6.20
73.64,6.61,0.45,6.61,0.45,-0.43,-0.57,-0.57,6.18,6.18,6.17
74.38,6.59,0.46,6.59,0.46,-0.45,-0.58,-0.59,6.13,6.13,6.13
75.12,6.56,0.46,6.56,0.46,-0.47,-0.59,-0.61,6.08,6.08,6.09
75.87,6.53,0.47,6.53,0.47,-0.49,-0.61,-0.64,6.04,6.04,6.05
76.63,6.51,0.49,6.51,0.49,-0.51,-0.62,-0.66,6.00,6.00,6.02
77.40,6.49,0.51,6.49,0.52,-0.53,-0.63,-0.69,5.96,5.96,5.98
78.17,6.49,0.55,6.49,0.55,-0.56,-0.64,-0.71,5.93,5.93,5.94
78.95,6.48,0.59,6.48,0.59,-0.58,-0.66,-0.74,5.90,5.90,5.89
79.74,6.47,0.63,6.47,0.62,-0.60,-0.67,-0.77,5.87,5.87,5.85
80.54,6.46,0.65,6.46,0.65,-0.63,-0.68,-0.79,5.83,5.83,5.81
81.35,6.44,0.66,6.43,0.66,-0.65,-0.70,-0.82,5.79,5.79,5.77
82.16,6.40,0.67,6.40,0.67,-0.66,-0.71,-0.85,5.74,5.74,5.73
82.98,6.37,0.68,6.37,0.68,-0.68,-0.73,-0.88,5.69,5.69,5.69
83.81,6.33,0.68,6.34,0.69,-0.70,-0.74,-0.91,5.63,5.64,5.65
84.65,6.32,0.71,6.32,0.71,-0.72,-0.76,-0.94,5.59,5.59,5.61
85.50,6.31,0.74,6.31,0.74,-0.75,-0.77,-0.97,5.55,5.55,5.56
86.35,6.31,0.78,6.31,0.78,-0.79,-0.79,-1.00,5.51,5.51,5.52
87.22,6.32,0.84,6.32,0.84,-0.84,-0.81,-1.04,5.48,5.48,5.48
88.09,6.34,0.90,6.34,0.90,-0.90,-0.82,-1.07,5.44,5.44,5.44
88.97,6.36,0.96,6.36,0.96,-0.96,-0.84,-1.11,5.40,5.40,5.40
89.86,6.38,1.03,6.38,1.03,-1.03,-0.86,-1.14,5.35,5.35,5.35
90.76,6.40,1.09,6.40,1.09,-1.09,-0.87,-1.18,5.31,5.31,5.31
91.66,6.42,1.15,6.42,1.16,-1.15,-0.89,-1.21,5.27,5.27,5.27
92.58,6.44,1.22,6.44,1.22,-1.21,-0.91,-1.25,5.23,5.23,5.22
93.51,6.45,1.27,6.45,1.27,-1.26,-0.93,-1.29,5.19,5.19,5.18
94.44,6.45,1.32,6.45,1.32,-1.30,-0.95,-1.33,5.15,5.15,5.14
95.39,6.44,1.35,6.44,1.35,-1.34,-0.97,-1.37,5.10,5.10,5.09
96.34,6.42,1.38,6.42,1.38,-1.38,-0.99,-1.41,5.05,5.05,5.05
97.30,6.40,1.40,6.41,1.40,-1.41,-1.01,-1.46,5.00,5.00,5.00
98.28,6.39,1.43,6.39,1.43,-1.43,-1.03,-1.50,4.95,4.95,4.96
99.26,6.37,1.45,6.37,1.45,-1.46,-1.05,-1.54,4.91,4.91,4.91
100.25,6.35,1.49,6.35,1.48,-1.49,-1.07,-1.58,4.86,4.86,4.87
101.25,6.34,1.52,6.34,1.52,-1.52,-1.10,-1.63,4.82,4.82,4.82
102.27,6.33,1.55,6.33,1.55,-1.55,-1.12,-1.67,4.78,4.78,4.78
103.29,6.32,1.59,6.32,1.58,-1.58,-1.14,-1.72,4.73,4.73,4.73
104.32,6.31,1.62,6.31,1.62,-1.62,-1.16,-1.76,4.68,4.68,4.69
105.37,6.30,1.66,6.30,1.66,-1.66,-1.19,-1.81,4.63,4.63,4.64
106.42,6.29,1.70,6.29,1.70,-1.70,-1.21,-1.85,4.59,4.59,4.59
107.48,6.28,1.74,6.29,1.74,-1.74,-1.24,-1.89,4.54,4.54,4.55
108.56,6.28,1.78,6.28,1.78,-1.78,-1.26,-1.94,4.50,4.50,4.50
109.64,6.28,1.83,6.28,1.83,-1.82,-1.29,-1.98,4.46,4.46,4.45
110.74,6.27,1.87,6.27,1.86,-1.85,-1.31,-2.02,4.42,4.42,4.41
111.85,6.26,1.89,6.26,1.89,-1.88,-1.34,-2.06,4.38,4.38,4.37
112.97,6.24,1.92,6.24,1.92,-1.91,-1.37,-2.10,4.33,4.33,4.32
114.10,6.22,1.94,6.21,1.94,-1.94,-1.40,-2.14,4.28,4.28,4.28
115.24,6.19,1.95,6.19,1.95,-1.96,-1.42,-2.17,4.23,4.23,4.24
116.39,6.16,1.97,6.16,1.97,-1.98,-1.45,-2.21,4.18,4.18,4.19
117.55,6.14,1.99,6.14,1.99,-1.99,-1.48,-2.24,4.14,4.14,4.15
118.73,6.12,2.01,6.12,2.01,-2.01,-1.51,-2.27,4.11,4.11,4.10
119.92,6.09,2.04,6.09,2.04,-2.02,-1.54,-2.30,4.07,4.07,4.06
121.12,6.07,2.06,6.07,2.06,-2.04,-1.57,-2.33,4.03,4.03,4.01
122.33,6.04,2.07,6.04,2.07,-2.06,-1.60,-2.35,3.98,3.98,3.97
123.55,6.00,2.08,6.00,2.08,-2.09,-1.64,-2.37,3.91,3.91,3.92
124.79,5.97,2.10,5.97,2.10,-2.12,-1.67,-2.39,3.85,3.85,3.88
126.03,5.96,2.13,5.96,2.13,-2.17,-1.70,-2.41,3.79,3.80,3.83
127.29,5.97,2.19,5.97,2.19,-2.21,-1.73,-2.42,3.75,3.76,3.78
128.57,5.99,2.26,5.99,2.26,-2.27,-1.77,-2.43,3.73,3.73,3.74
129.85,6.02,2.33,6.02,2.33,-2.32,-1.80,-2.44,3.70,3.71,3.69
131.15,6.05,2.41,6.04,2.40,-2.37,-1.84,-2.45,3.68,3.68,3.64
132.46,6.04,2.45,6.04,2.45,-2.41,-1.87,-2.46,3.64,3.63,3.59
133.79,6.02,2.47,6.02,2.48,-2.45,-1.91,-2.46,3.57,3.57,3.54
135.12,5.98,2.49,5.98,2.48,-2.48,-1.95,-2.46,3.50,3.50,3.49
136.48,5.93,2.49,5.93,2.49,-2.51,-1.98,-2.46,3.42,3.42,3.44
137.84,5.90,2.50,5.90,2.51,-2.54,-2.02,-2.46,3.35,3.36,3.40
139.22,5.88,2.54,5.88,2.54,-2.58,-2.06,-2.46,3.31,3.31,3.34
140.61,5.88,2.59,5.88,2.59,-2.61,-2.10,-2.46,3.27,3.27,3.29
142.02,5.90,2.65,5.90,2.65,-2.66,-2.13,-2.45,3.24,3.24,3.24
143.44,5.91,2.72,5.91,2.72,-2.70,-2.17,-2.45,3.20,3.21,3.19
144.87,5.92,2.78,5.92,2.77,-2.75,-2.21,-2.44,3.17,3.17,3.15
146.32,5.91,2.81,5.91,2.81,-2.79,-2.25,-2.44,3.12,3.12,3.10
147.78,5.90,2.85,5.89,2.84,-2.82,-2.29,-2.43,3.07,3.07,3.05
149.26,5.86,2.86,5.86,2.86,-2.85,-2.33,-2.43,3.01,3.01,3.00
150.75,5.81,2.86,5.82,2.86,-2.87,-2.37,-2.43,2.95,2.95,2.95
152.26,5.77,2.87,5.78,2.87,-2.88,-2.42,-2.42,2.89,2.89,2.91
153.78,5.75,2.88,5.75,2.88,-2.90,-2.46,-2.42,2.85,2.85,2.87
155.32,5.73,2.90,5.73,2.90,-2.91,-2.50,-2.42,2.82,2.82,2.83
156.88,5.73,2.92,5.73,2.92,-2.93,-2.54,-2.42,2.80,2.80,2.81
158.44,5.73,2.95,5.73,2.95,-2.95,-2.58,-2.42,2.78,2.78,2.78
160.03,5.73,2.98,5.73,2.97,-2.97,-2.62,-2.42,2.76,2.76,2.76
161.63,5.74,2.99,5.74,2.99,-2.98,-2.67,-2.43,2.75,2.75,2.74
163.24,5.74,3.01,5.74,3.01,-3.00,-2.71,-2.44,2.74,2.74,2.73
164.88,5.73,3.02,5.72,3.02,-3.00,-2.75,-2.44,2.73,2.72,2.71
166.53,5.70,3.02,5.70,3.02,-3.01,-2.79,-2.45,2.69,2.69,2.68
168.19,5.67,3.01,5.67,3.01,-3.01,-2.83,-2.46,2.66,2.66,2.65
169.87,5.63,3.00,5.63,3.00,-3.01,-2.88,-2.48,2.62,2.62,2.63
171.57,5.59,3.00,5.59,3.00,-3.01,-2.92,-2.49,2.58,2.58,2.59
173.29,5.56,3.00,5.56,3.00,-3.03,-2.96,-2.51,2.53,2.53,2.56
175.02,5.54,3.02,5.54,3.03,-3.04,-3.00,-2.53,2.50,2.50,2.52
176.77,5.53,3.06,5.53,3.05,-3.06,-3.04,-2.55,2.47,2.47,2.48
178.54,5.53,3.09,5.53,3.09,-3.09,-3.08,-2.57,2.44,2.45,2.45
180.32,5.53,3.12,5.53,3.13,-3.11,-3.12,-2.60,2.42,2.42,2.41
182.13,5.52,3.16,5.52,3.16,-3.14,-3.16,-2.62,2.39,2.38,2.36
183.95,5.49,3.18,5.49,3.17,-3.16,-3.20,-2.65,2.34,2.34,2.32
185.79,5.45,3.18,5.45,3.18,-3.17,-3.23,-2.68,2.28,2.28,2.27
187.65,5.40,3.17,5.40,3.17,-3.17,-3.27,-2.72,2.23,2.23,2.23
189.52,5.35,3.16,5.35,3.16,-3.17,-3.30,-2.75,2.18,2.18,2.19
191.42,5.30,3.16,5.30,3.16,-3.16,-3.34,-2.79,2.14,2.14,2.14
193.33,5.25,3.15,5.25,3.15,-3.15,-3.37,-2.83,2.11,2.10,2.10
195.27,5.20,3.14,5.20,3.14,-3.14,-3.40,-2.86,2.07,2.06,2.06
197.22,5.15,3.13,5.15,3.13,-3.13,-3.43,-2.91,2.02,2.02,2.02
199.19,5.10,3.12,5.10,3.12,-3.13,-3.46,-2.95,1.97,1.97,1.98
201.18,5.05,3.12,5.05,3.12,-3.13,-3.49,-2.99,1.93,1.93,1.94
203.19,5.02,3.12,5.02,3.12,-3.13,-3.52,-3.03,1.88,1.89,1.90
205.23,5.00,3.14,5.00,3.14,-3.14,-3.54,-3.08,1.85,1.85,1.86
207.28,4.98,3.16,4.98,3.16,-3.16,-3.57,-3.13,1.82,1.82,1.82
209.35,4.96,3.18,4.96,3.18,-3.18,-3.59,-3.17,1.79,1.79,1.78
211.44,4.94,3.20,4.94,3.20,-3.19,-3.61,-3.22,1.75,1.75,1.74
213.56,4.92,3.22,4.92,3.22,-3.21,-3.63,-3.26,1.71,1.71,1.70
215.69,4.90,3.23,4.90,3.23,-3.23,-3.64,-3.31,1.67,1.67,1.67
217.85,4.88,3.25,4.88,3.25,-3.25,-3.66,-3.35,1.63,1.63,1.63
220.03,4.85,3.27,4.85,3.26,-3.26,-3.67,-3.40,1.59,1.59,1.59
222.23,4.82,3.27,4.82,3.27,-3.27,-3.68,-3.44,1.55,1.55,1.55
224.45,4.79,3.28,4.79,3.28,-3.28,-3.69,-3.48,1.51,1.51,1.52
226.70,4.76,3.29,4.76,3.29,-3.29,-3.69,-3.51,1.47,1.47,1.48
228.96,4.73,3.29,4.73,3.29,-3.30,-3.70,-3.55,1.43,1.43,1.44
231.25,4.70,3.30,4.71,3.30,-3.30,-3.70,-3.58,1.40,1.40,1.41
233.57,4.68,3.30,4.68,3.31,-3.30,-3.70,-3.61,1.37,1.37,1.37
235.90,4.65,3.31,4.64,3.31,-3.30,-3.70,-3.64,1.35,1.34,1.33
238.26,4.60,3.31,4.60,3.31,-3.29,-3.70,-3.66,1.31,1.31,1.30
240.64,4.56,3.29,4.56,3.29,-3.28,-3.69,-3.68,1.28,1.28,1.27
243.05,4.50,3.27,4.50,3.27,-3.26,-3.69,-3.69,1.24,1.24,1.23
245.48,4.44,3.24,4.44,3.24,-3.24,-3.68,-3.70,1.20,1.20,1.20
247.93,4.38,3.21,4.39,3.22,-3.23,-3.67,-3.71,1.16,1.16,1.17
250.41,4.33,3.20,4.34,3.20,-3.21,-3.65,-3.71,1.12,1.13,1.13
252.92,4.29,3.19,4.29,3.19,-3.20,-3.64,-3.71,1.09,1.09,1.10
255.45,4.26,3.19,4.26,3.19,-3.20,-3.62,-3.70,1.06,1.06,1.07
258.00,4.23,3.18,4.23,3.19,-3.20,-3.60,-3.69,1.03,1.03,1.04
260.58,4.21,3.19,4.21,3.20,-3.20,-3.58,-3.67,1.01,1.01,1.01
263.19,4.19,3.21,4.19,3.21,-3.21,-3.56,-3.65,0.98,0.98,0.98
265.82,4.17,3.22,4.17,3.22,-3.21,-3.54,-3.63,0.96,0.96,0.95
268.48,4.15,3.23,4.15,3.23,-3.21,-3.52,-3.60,0.94,0.93,0.92
271.16,4.12,3.23,4.12,3.22,-3.21,-3.49,-3.57,0.91,0.90,0.89
273.87,4.08,3.21,4.08,3.21,-3.21,-3.47,-3.54,0.87,0.87,0.87
276.61,4.04,3.20,4.04,3.20,-3.20,-3.44,-3.50,0.84,0.84,0.84
279.38,3.99,3.18,3.99,3.18,-3.18,-3.41,-3.46,0.81,0.81,0.81
282.17,3.95,3.17,3.95,3.17,-3.17,-3.38,-3.42,0.78,0.78,0.78
284.99,3.91,3.15,3.91,3.15,-3.15,-3.35,-3.38,0.75,0.75,0.76
287.84,3.87,3.13,3.87,3.13,-3.15,-3.32,-3.33,0.72,0.72,0.74
290.72,3.84,3.12,3.84,3.12,-3.15,-3.29,-3.29,0.69,0.69,0.72
293.63,3.82,3.12,3.82,3.13,-3.15,-3.26,-3.24,0.67,0.67,0.69
296.57,3.81,3.14,3.81,3.14,-3.15,-3.23,-3.20,0.66,0.66,0.67
299.53,3.81,3.16,3.80,3.16,-3.14,-3.20,-3.15,0.66,0.66,0.64
302.53,3.79,3.16,3.79,3.16,-3.14,-3.16,-3.11,0.66,0.65,0.63
305.55,3.77,3.15,3.77,3.15,-3.12,-3.13,-3.06,0.65,0.64,0.62
308.61,3.72,3.13,3.72,3.12,-3.10,-3.10,-3.02,0.62,0.62,0.60
311.69,3.67,3.09,3.67,3.09,-3.08,-3.06,-2.97,0.59,0.59,0.58
314.81,3.60,3.04,3.60,3.04,-3.05,-3.03,-2.93,0.55,0.55,0.56
317.96,3.54,2.99,3.54,3.00,-3.02,-3.00,-2.89,0.52,0.52,0.54
321.14,3.48,2.96,3.49,2.96,-2.99,-2.96,-2.85,0.50,0.50,0.53
324.35,3.45,2.94,3.45,2.94,-2.96,-2.93,-2.81,0.49,0.49,0.51
327.59,3.43,2.94,3.43,2.94,-2.94,-2.90,-2.78,0.49,0.49,0.49
330.87,3.41,2.93,3.40,2.93,-2.92,-2.87,-2.74,0.48,0.48,0.47
334.18,3.38,2.92,3.38,2.92,-2.91,-2.84,-2.71,0.47,0.47,0.46
337.52,3.35,2.91,3.35,2.91,-2.91,-2.81,-2.68,0.44,0.45,0.44
340.90,3.32,2.89,3.32,2.90,-2.90,-2.78,-2.65,0.42,0.42,0.43
344.30,3.30,2.89,3.30,2.89,-2.89,-2.75,-2.62,0.41,0.41,0.41
347.75,3.28,2.89,3.28,2.89,-2.88,-2.72,-2.59,0.40,0.40,0.40
351.23,3.26,2.88,3.26,2.88,-2.87,-2.69,-2.57,0.39,0.39,0.38
354.74,3.24,2.87,3.24,2.87,-2.86,-2.66,-2.55,0.38,0.37,0.37
358.28,3.21,2.85,3.21,2.85,-2.85,-2.64,-2.53,0.36,0.36,0.36
361.87,3.18,2.83,3.18,2.83,-2.84,-2.61,-2.51,0.34,0.34,0.34
365.49,3.15,2.82,3.15,2.82,-2.82,-2.58,-2.50,0.32,0.33,0.33
369.14,3.13,2.81,3.12,2.81,-2.80,-2.56,-2.48,0.32,0.32,0.32
372.83,3.10,2.79,3.10,2.79,-2.78,-2.54,-2.47,0.32,0.32,0.31
376.56,3.06,2.76,3.06,2.76,-2.75,-2.51,-2.46,0.31,0.31,0.30
380.33,3.02,2.73,3.02,2.73,-2.72,-2.49,-2.46,0.30,0.30,0.29
384.13,2.97,2.69,2.97,2.69,-2.69,-2.47,-2.45,0.28,0.28,0.28
387.97,2.92,2.66,2.92,2.66,-2.66,-2.45,-2.45,0.26,0.26,0.27
391.85,2.87,2.62,2.87,2.62,-2.63,-2.43,-2.44,0.24,0.24,0.26
395.77,2.83,2.58,2.83,2.59,-2.60,-2.41,-2.44,0.23,0.23,0.25
399.73,2.80,2.56,2.80,2.56,-2.57,-2.39,-2.44,0.23,0.23,0.24
403.72,2.78,2.54,2.78,2.54,-2.54,-2.36,-2.44,0.24,0.24,0.24
407.76,2.75,2.52,2.75,2.52,-2.51,-2.34,-2.44,0.24,0.24,0.23
411.84,2.72,2.50,2.71,2.49,-2.48,-2.32,-2.45,0.24,0.24,0.22
415.96,2.67,2.46,2.67,2.46,-2.45,-2.30,-2.45,0.22,0.22,0.21
420.12,2.62,2.42,2.62,2.42,-2.42,-2.28,-2.45,0.21,0.21,0.21
424.32,2.57,2.38,2.58,2.38,-2.39,-2.26,-2.45,0.19,0.19,0.20
428.56,2.54,2.34,2.54,2.34,-2.36,-2.24,-2.46,0.18,0.18,0.19
432.85,2.51,2.32,2.51,2.32,-2.33,-2.21,-2.46,0.18,0.18,0.19
437.18,2.49,2.30,2.49,2.30,-2.31,-2.19,-2.46,0.18,0.18,0.19
441.55,2.47,2.28,2.47,2.28,-2.28,-2.16,-2.46,0.19,0.19,0.19
445.96,2.45,2.26,2.45,2.26,-2.26,-2.13,-2.46,0.19,0.19,0.18
450.42,2.42,2.24,2.42,2.24,-2.24,-2.10,-2.46,0.19,0.19,0.18
454.93,2.39,2.21,2.39,2.21,-2.21,-2.07,-2.45,0.19,0.19,0.18
459.48,2.36,2.18,2.36,2.18,-2.17,-2.04,-2.44,0.19,0.19,0.18
464.07,2.32,2.14,2.32,2.14,-2.13,-2.00,-2.43,0.19,0.19,0.18
468.71,2.28,2.10,2.27,2.10,-2.09,-1.96,-2.42,0.19,0.19,0.18
473.40,2.22,2.04,2.22,2.04,-2.04,-1.92,-2.41,0.18,0.18,0.18
478.13,2.16,1.99,2.16,1.98,-1.99,-1.88,-2.39,0.17,0.17,0.18
482.91,2.10,1.92,2.10,1.92,-1.94,-1.83,-2.37,0.16,0.17,0.18
487.74,2.05,1.86,2.05,1.87,-1.88,-1.79,-2.34,0.16,0.17,0.18
492.62,2.00,1.82,2.00,1.82,-1.83,-1.74,-2.31,0.18,0.18,0.18
497.55,1.96,1.78,1.96,1.77,-1.77,-1.69,-2.28,0.19,0.19,0.19
502.52,1.92,1.73,1.92,1.73,-1.71,-1.64,-2.24,0.21,0.20,0.19
507.55,1.87,1.67,1.86,1.67,-1.65,-1.59,-2.20,0.21,0.21,0.20
512.62,1.80,1.60,1.80,1.60,-1.60,-1.53,-2.15,0.21,0.21,0.20
517.75,1.74,1.54,1.74,1.54,-1.54,-1.48,-2.10,0.20,0.20,0.20
522.93,1.68,1.47,1.69,1.48,-1.49,-1.42,-2.05,0.20,0.20,0.21
528.16,1.64,1.42,1.64,1.42,-1.44,-1.37,-1.99,0.20,0.20,0.22
533.44,1.59,1.37,1.59,1.37,-1.39,-1.31,-1.93,0.20,0.20,0.22
538.77,1.56,1.33,1.56,1.33,-1.34,-1.25,-1.86,0.21,0.22,0.23
544.16,1.53,1.30,1.53,1.30,-1.30,-1.19,-1.80,0.23,0.23,0.23
549.60,1.51,1.27,1.51,1.26,-1.25,-1.13,-1.72,0.26,0.25,0.24
555.10,1.47,1.22,1.47,1.22,-1.20,-1.08,-1.65,0.27,0.27,0.25
560.65,1.43,1.17,1.43,1.17,-1.15,-1.02,-1.57,0.29,0.28,0.26
566.25,1.37,1.10,1.37,1.10,-1.08,-0.96,-1.49,0.29,0.29,0.27
571.92,1.30,1.02,1.30,1.02,-1.01,-0.90,-1.41,0.29,0.29,0.28
577.64,1.23,0.94,1.23,0.94,-0.94,-0.84,-1.33,0.29,0.29,0.29
583.41,1.16,0.86,1.16,0.86,-0.87,-0.79,-1.24,0.29,0.29,0.30
589.25,1.10,0.79,1.10,0.79,-0.81,-0.73,-1.15,0.29,0.30,0.31
595.14,1.05,0.73,1.05,0.73,-0.74,-0.67,-1.06,0.31,0.31,0.32
601.09,1.01,0.67,1.01,0.68,-0.69,-0.62,-0.97,0.32,0.33,0.34
607.10,0.98,0.63,0.98,0.63,-0.64,-0.56,-0.88,0.34,0.34,0.35
613.17,0.95,0.59,0.95,0.59,-0.59,-0.51,-0.79,0.36,0.36,0.36
619.30,0.92,0.55,0.92,0.55,-0.54,-0.45,-0.69,0.38,0.38,0.37
625.50,0.89,0.50,0.89,0.50,-0.49,-0.40,-0.60,0.39,0.39,0.38
631.75,0.85,0.45,0.85,0.45,-0.44,-0.34,-0.50,0.41,0.41,0.40
638.07,0.80,0.39,0.80,0.39,-0.38,-0.29,-0.40,0.42,0.42,0.41
644.45,0.75,0.33,0.74,0.33,-0.31,-0.23,-0.31,0.43,0.43,0.42
650.89,0.69,0.26,0.69,0.25,-0.24,-0.18,-0.21,0.44,0.44,0.43
657.40,0.63,0.17,0.63,0.17,-0.18,-0.13,-0.11,0.45,0.45,0.46
663.98,0.58,0.09,0.58,0.09,-0.11,-0.08,-0.01,0.47,0.47,0.49
670.62,0.54,0.02,0.54,0.03,-0.05,-0.02,0.09,0.48,0.49,0.51
677.32,0.51,-0.02,0.51,-0.02,0.00,0.03,0.19,0.51,0.51,0.53
684.10,0.49,-0.06,0.49,-0.06,0.05,0.08,0.29,0.54,0.54,0.55
690.94,0.47,-0.09,0.47,-0.10,0.10,0.14,0.39,0.57,0.57,0.57
697.85,0.45,-0.13,0.45,-0.13,0.14,0.19,0.50,0.59,0.59,0.58
704.83,0.43,-0.18,0.43,-0.18,0.19,0.24,0.60,0.61,0.61,0.60
711.87,0.40,-0.22,0.40,-0.22,0.23,0.30,0.70,0.63,0.63,0.62
718.99,0.36,-0.28,0.36,-0.28,0.29,0.35,0.80,0.65,0.65,0.64
726.18,0.33,-0.34,0.33,-0.34,0.35,0.40,0.91,0.68,0.68,0.67
733.44,0.30,-0.41,0.30,-0.41,0.41,0.46,1.01,0.71,0.71,0.71
740.78,0.26,-0.48,0.26,-0.48,0.48,0.51,1.12,0.74,0.74,0.74
748.19,0.23,-0.55,0.23,-0.55,0.55,0.57,1.22,0.78,0.78,0.78
755.67,0.19,-0.62,0.19,-0.62,0.62,0.62,1.33,0.81,0.81,0.82
763.23,0.16,-0.69,0.16,-0.69,0.68,0.68,1.43,0.84,0.84,0.86
770.86,0.13,-0.76,0.14,-0.76,0.74,0.74,1.54,0.87,0.88,0.89
778.57,0.11,-0.81,0.11,-0.81,0.79,0.79,1.65,0.91,0.91,0.92
786.35,0.09,-0.85,0.09,-0.85,0.85,0.85,1.75,0.94,0.94,0.95
794.22,0.08,-0.89,0.08,-0.89,0.89,0.91,1.86,0.97,0.97,0.97
802.16,0.06,-0.93,0.06,-0.93,0.94,0.97,1.97,1.00,1.00,0.99
810.18,0.04,-0.98,0.04,-0.98,0.99,1.03,2.07,1.03,1.03,1.02
818.28,0.02,-1.04,0.02,-1.04,1.04,1.10,2.18,1.06,1.06,1.06
826.46,-0.00,-1.10,-0.00,-1.10,1.10,1.16,2.28,1.10,1.10,1.10
834.73,-0.02,-1.16,-0.02,-1.16,1.16,1.23,2.39,1.14,1.14,1.14
843.08,-0.05,-1.22,-0.05,-1.23,1.23,1.29,2.49,1.18,1.18,1.18
851.51,-0.07,-1.29,-0.07,-1.29,1.29,1.36,2.59,1.22,1.22,1.23
860.02,-0.09,-1.37,-0.09,-1.36,1.36,1.43,2.70,1.27,1.27,1.28
868.62,-0.10,-1.43,-0.10,-1.43,1.43,1.51,2.79,1.33,1.33,1.33
877.31,-0.11,-1.50,-0.11,-1.50,1.49,1.58,2.89,1.38,1.38,1.39
886.08,-0.11,-1.56,-0.11,-1.56,1.56,1.66,2.99,1.44,1.44,1.45
894.94,-0.11,-1.63,-0.11,-1.63,1.62,1.74,3.08,1.51,1.51,1.52
903.89,-0.10,-1.69,-0.10,-1.69,1.68,1.82,3.16,1.58,1.58,1.59
912.93,-0.09,-1.76,-0.09,-1.76,1.75,1.90,3.25,1.65,1.66,1.66
922.06,-0.08,-1.82,-0.08,-1.83,1.82,1.99,3.33,1.75,1.75,1.75
931.28,-0.06,-1.90,-0.06,-1.90,1.91,2.08,3.41,1.85,1.85,1.84
940.59,-0.04,-1.99,-0.04,-1.99,2.00,2.18,3.48,1.96,1.96,1.95
950.00,-0.03,-2.09,-0.03,-2.10,2.11,2.28,3.55,2.09,2.08,2.06
959.50,-0.02,-2.22,-0.02,-2.22,2.24,2.38,3.61,2.22,2.22,2.20
969.09,-0.02,-2.37,-0.02,-2.37,2.38,2.49,3.67,2.37,2.37,2.35
978.78,-0.02,-2.53,-0.02,-2.53,2.54,2.61,3.72,2.53,2.53,2.52
988.57,-0.01,-2.70,-0.01,-2.71,2.71,2.72,3.77,2.70,2.70,2.69
998.46,-0.00,-2.89,-0.00,-2.89,2.89,2.85,3.81,2.89,2.89,2.89
1008.44,0.02,-3.08,0.02,-3.08,3.07,2.97,3.85,3.09,3.08,3.10
1018.53,0.04,-3.26,0.04,-3.26,3.25,3.11,3.87,3.29,3.29,3.31
1028.71,0.08,-3.44,0.09,-3.43,3.42,3.25,3.90,3.50,3.51,3.52
1039.00,0.14,-3.59,0.14,-3.59,3.58,3.39,3.92,3.72,3.72,3.73
1049.39,0.20,-3.74,0.20,-3.74,3.74,3.53,3.93,3.94,3.94,3.94
1059.88,0.26,-3.89,0.26,-3.88,3.89,3.68,3.94,4.15,4.15,4.15
1070.48,0.33,-4.02,0.33,-4.02,4.02,3.83,3.95,4.35,4.35,4.35
1081.19,0.40,-4.14,0.40,-4.14,4.15,3.97,3.95,4.55,4.55,4.54
1092.00,0.47,-4.26,0.47,-4.26,4.26,4.11,3.95,4.74,4.74,4.74
1102.92,0.55,-4.37,0.55,-4.37,4.37,4.23,3.94,4.92,4.92,4.92
1113.95,0.63,-4.47,0.63,-4.47,4.46,4.36,3.94,5.09,5.09,5.10
1125.09,0.72,-4.56,0.72,-4.56,4.55,4.46,3.93,5.27,5.27,5.28
1136.34,0.82,-4.64,0.82,-4.64,4.63,4.56,3.91,5.44,5.44,5.45
1147.70,0.93,-4.70,0.93,-4.70,4.69,4.63,3.90,5.62,5.62,5.63
1159.18,1.04,-4.75,1.04,-4.75,4.75,4.70,3.89,5.80,5.80,5.79
1170.77,1.16,-4.80,1.16,-4.80,4.81,4.75,3.87,5.97,5.97,5.96
1182.48,1.27,-4.85,1.27,-4.85,4.86,4.80,3.85,6.14,6.13,6.12
1194.30,1.38,-4.91,1.38,-4.91,4.91,4.84,3.84,6.29,6.29,6.28
1206.25,1.48,-4.96,1.48,-4.96,4.97,4.88,3.82,6.44,6.44,6.44
1218.31,1.58,-5.02,1.58,-5.02,5.02,4.92,3.81,6.59,6.59,6.60
1230.49,1.68,-5.07,1.68,-5.07,5.07,4.95,3.79,6.74,6.74,6.75
1242.80,1.78,-5.12,1.78,-5.12,5.12,4.99,3.78,6.89,6.89,6.90
1255.22,1.88,-5.16,1.88,-5.17,5.17,5.03,3.77,7.04,7.04,7.04
1267.78,1.97,-5.21,1.97,-5.21,5.21,5.08,3.76,7.19,7.19,7.19
1280.45,2.07,-5.26,2.07,-5.25,5.26,5.12,3.75,7.32,7.32,7.32
1293.26,2.16,-5.30,2.16,-5.30,5.29,5.18,3.75,7.46,7.46,7.46
1306.19,2.26,-5.34,2.26,-5.34,5.33,5.23,3.75,7.59,7.59,7.59
1319.25,2.35,-5.37,2.35,-5.37,5.36,5.29,3.75,7.72,7.72,7.72
1332.45,2.45,-5.40,2.45,-5.40,5.39,5.34,3.75,7.85,7.85,7.85
1345.77,2.55,-5.42,2.55,-5.42,5.42,5.40,3.76,7.97,7.97,7.97
1359.23,2.65,-5.44,2.64,-5.45,5.45,5.46,3.76,8.10,8.09,8.09
1372.82,2.73,-5.47,2.73,-5.47,5.48,5.52,3.78,8.21,8.21,8.20
1386.55,2.81,-5.51,2.81,-5.51,5.51,5.58,3.79,8.32,8.32,8.32
1400.41,2.89,-5.54,2.89,-5.54,5.54,5.64,3.81,8.43,8.43,8.43
1414.42,2.95,-5.58,2.95,-5.58,5.58,5.70,3.83,8.53,8.53,8.53
1428.56,3.02,-5.61,3.02,-5.61,5.62,5.75,3.85,8.64,8.64,8.63
1442.85,3.08,-5.65,3.08,-5.66,5.66,5.80,3.88,8.74,8.74,8.73
1457.28,3.13,-5.70,3.13,-5.70,5.70,5.85,3.91,8.84,8.84,8.83
1471.85,3.18,-5.74,3.18,-5.74,5.74,5.89,3.94,8.93,8.93,8.93
1486.57,3.24,-5.78,3.24,-5.78,5.78,5.93,3.98,9.01,9.01,9.02
1501.43,3.29,-5.82,3.29,-5.81,5.80,5.96,4.02,9.10,9.10,9.11
1516.45,3.35,-5.84,3.35,-5.84,5.83,5.99,4.06,9.18,9.18,9.19
1531.61,3.42,-5.85,3.42,-5.85,5.84,6.01,4.10,9.26,9.26,9.27
1546.93,3.49,-5.86,3.50,-5.86,5.85,6.02,4.15,9.34,9.35,9.35
1562.40,3.57,-5.85,3.57,-5.85,5.85,6.03,4.20,9.43,9.43,9.43
1578.02,3.65,-5.85,3.66,-5.84,5.85,6.03,4.25,9.51,9.51,9.50
1593.80,3.74,-5.83,3.73,-5.83,5.85,6.03,4.30,9.58,9.58,9.57
1609.74,3.81,-5.83,3.80,-5.83,5.84,6.02,4.36,9.65,9.65,9.63
1625.84,3.87,-5.83,3.87,-5.83,5.84,6.00,4.42,9.71,9.70,9.69
1642.10,3.92,-5.83,3.93,-5.83,5.83,5.97,4.48,9.75,9.75,9.75
1658.52,3.98,-5.83,3.98,-5.82,5.82,5.94,4.53,9.80,9.80,9.81
1675.10,4.05,-5.81,4.05,-5.81,5.80,5.90,4.59,9.85,9.85,9.86
1691.85,4.12,-5.79,4.12,-5.79,5.77,5.86,4.65,9.90,9.90,9.91
1708.77,4.20,-5.75,4.20,-5.75,5.75,5.81,4.71,9.95,9.95,9.95
1725.86,4.29,-5.71,4.29,-5.71,5.71,5.75,4.77,10.00,10.00,10.00
1743.12,4.38,-5.66,4.38,-5.66,5.67,5.69,4.82,10.05,10.05,10.04
1760.55,4.46,-5.61,4.46,-5.61,5.62,5.63,4.88,10.08,10.08,10.08
1778.15,4.55,-5.56,4.55,-5.56,5.56,5.56,4.93,10.11,10.11,10.11
1795.94,4.63,-5.51,4.63,-5.51,5.51,5.49,4.98,10.14,10.14,10.14
1813.90,4.72,-5.45,4.72,-5.45,5.45,5.42,5.02,10.17,10.17,10.18
1832.03,4.82,-5.39,4.82,-5.39,5.38,5.34,5.06,10.20,10.20,10.21
1850.36,4.92,-5.32,4.92,-5.32,5.32,5.26,5.09,10.23,10.23,10.23
1868.86,5.02,-5.24,5.02,-5.24,5.25,5.19,5.12,10.26,10.26,10.26
1887.55,5.11,-5.17,5.11,-5.17,5.17,5.10,5.14,10.29,10.29,10.28
1906.42,5.21,-5.10,5.21,-5.10,5.10,5.02,5.16,10.31,10.31,10.30
1925.49,5.30,-5.02,5.30,-5.02,5.02,4.94,5.16,10.32,10.32,10.32
1944.74,5.39,-4.94,5.39,-4.94,4.95,4.86,5.16,10.34,10.34,10.34
1964.19,5.49,-4.86,5.49,-4.86,4.87,4.77,5.15,10.35,10.35,10.35
1983.83,5.58,-4.78,5.58,-4.78,4.78,4.69,5.14,10.36,10.36,10.36
2003.67,5.67,-4.70,5.67,-4.70,4.69,4.60,5.11,10.37,10.37,10.37
2023.71,5.77,-4.61,5.77,-4.61,4.60,4.52,5.07,10.37,10.37,10.38
2043.94,5.88,-4.51,5.88,-4.51,4.50,4.43,5.03,10.38,10.38,10.39
2064.38,6.00,-4.40,6.00,-4.40,4.39,4.34,4.98,10.39,10.39,10.40
2085.03,6.12,-4.28,6.12,-4.28,4.28,4.25,4.92,10.40,10.40,10.41
2105.88,6.25,-4.16,6.25,-4.16,4.16,4.15,4.85,10.42,10.42,10.42
2126.94,6.39,-4.04,6.39,-4.04,4.04,4.05,4.77,10.43,10.43,10.42
2148.20,6.52,-3.92,6.52,-3.92,3.93,3.95,4.69,10.44,10.44,10.43
2169.69,6.64,-3.80,6.64,-3.80,3.81,3.84,4.60,10.45,10.45,10.44
2191.38,6.77,-3.69,6.76,-3.69,3.69,3.73,4.50,10.46,10.46,10.45
2213.30,6.88,-3.58,6.88,-3.58,3.58,3.62,4.40,10.46,10.46,10.46
2235.43,7.00,-3.47,7.00,-3.47,3.47,3.50,4.29,10.47,10.47,10.47
2257.78,7.12,-3.36,7.12,-3.36,3.36,3.37,4.18,10.49,10.49,10.49
2280.36,7.25,-3.25,7.25,-3.25,3.26,3.25,4.07,10.50,10.50,10.50
2303.17,7.37,-3.14,7.37,-3.14,3.15,3.12,3.95,10.52,10.52,10.51
2326.20,7.49,-3.03,7.49,-3.03,3.04,2.99,3.83,10.52,10.52,10.52
2349.46,7.61,-2.92,7.61,-2.92,2.92,2.86,3.70,10.53,10.53,10.53
2372.95,7.73,-2.80,7.73,-2.80,2.80,2.73,3.57,10.53,10.53,10.53
2396.68,7.85,-2.68,7.86,-2.68,2.67,2.59,3.44,10.52,10.52,10.53
2420.65,7.99,-2.54,7.99,-2.54,2.53,2.46,3.32,10.52,10.52,10.53
2444.86,8.13,-2.39,8.13,-2.39,2.39,2.33,3.18,10.51,10.51,10.52
2469.31,8.27,-2.24,8.27,-2.24,2.23,2.19,3.05,10.51,10.51,10.51
2494.00,8.42,-2.08,8.42,-2.08,2.08,2.05,2.92,10.49,10.49,10.49
2518.94,8.56,-1.91,8.56,-1.91,1.92,1.92,2.79,10.47,10.47,10.47
2544.13,8.69,-1.75,8.69,-1.75,1.75,1.78,2.66,10.45,10.44,10.44
2569.57,8.82,-1.59,8.82,-1.59,1.59,1.63,2.53,10.41,10.41,10.40
2595.27,8.94,-1.43,8.94,-1.42,1.43,1.49,2.40,10.37,10.37,10.36
2621.22,9.05,-1.26,9.05,-1.27,1.27,1.34,2.27,10.32,10.32,10.32
2647.43,9.16,-1.11,9.15,-1.11,1.11,1.19,2.14,10.27,10.27,10.26
2673.90,9.24,-0.96,9.25,-0.96,0.96,1.03,2.01,10.20,10.21,10.20
2700.64,9.33,-0.81,9.33,-0.81,0.81,0.87,1.88,10.14,10.14,10.14
2727.65,9.40,-0.66,9.40,-0.66,0.66,0.70,1.76,10.06,10.06,10.06
2754.93,9.47,-0.51,9.47,-0.51,0.51,0.54,1.63,9.98,9.98,9.98
2782.48,9.53,-0.37,9.53,-0.37,0.37,0.37,1.51,9.90,9.90,9.90
2810.30,9.59,-0.22,9.59,-0.22,0.22,0.20,1.38,9.81,9.81,9.81
2838.40,9.64,-0.08,9.64,-0.08,0.07,0.04,1.26,9.71,9.71,9.72
2866.79,9.69,0.07,9.69,0.07,-0.08,-0.11,1.14,9.61,9.61,9.62
2895.46,9.73,0.22,9.74,0.22,-0.23,-0.25,1.02,9.51,9.51,9.51
2924.41,9.77,0.37,9.77,0.37,-0.37,-0.39,0.90,9.40,9.40,9.40
2953.65,9.81,0.52,9.80,0.52,-0.51,-0.51,0.78,9.30,9.29,9.29
2983.19,9.82,0.66,9.82,0.66,-0.64,-0.63,0.66,9.17,9.17,9.16
3013.02,9.82,0.79,9.82,0.79,-0.78,-0.75,0.54,9.05,9.04,9.03
3043.15,9.81,0.91,9.80,0.91,-0.90,-0.87,0.42,8.90,8.90,8.90
3073.58,9.78,1.02,9.78,1.02,-1.03,-0.99,0.31,8.75,8.75,8.76
3104.32,9.75,1.14,9.75,1.14,-1.15,-1.12,0.19,8.60,8.60,8.61
3135.36,9.73,1.26,9.73,1.26,-1.28,-1.25,0.08,8.45,8.45,8.47
3166.72,9.71,1.38,9.71,1.39,-1.40,-1.38,-0.03,8.31,8.31,8.32
3198.38,9.69,1.51,9.69,1.51,-1.52,-1.52,-0.15,8.17,8.17,8.18
3230.37,9.67,1.64,9.67,1.65,-1.64,-1.66,-0.26,8.03,8.03,8.03
3262.67,9.66,1.77,9.65,1.77,-1.76,-1.79,-0.36,7.89,7.89,7.88
3295.30,9.63,1.89,9.63,1.88,-1.88,-1.92,-0.47,7.75,7.75,7.74
3328.25,9.60,1.98,9.60,1.99,-1.99,-2.03,-0.58,7.61,7.61,7.61
3361.53,9.56,2.07,9.56,2.08,-2.08,-2.14,-0.68,7.48,7.48,7.49
3395.15,9.51,2.16,9.51,2.15,-2.16,-2.22,-0.78,7.35,7.35,7.36
3429.10,9.46,2.22,9.46,2.22,-2.23,-2.28,-0.88,7.23,7.23,7.23
3463.39,9.39,2.28,9.39,2.28,-2.27,-2.31,-0.98,7.12,7.12,7.11
3498.03,9.32,2.31,9.31,2.31,-2.30,-2.33,-1.08,7.02,7.02,7.00
3533.01,9.23,2.31,9.23,2.31,-2.30,-2.30,-1.17,6.93,6.93,6.92
3568.34,9.13,2.28,9.13,2.29,-2.27,-2.26,-1.26,6.86,6.86,6.85
3604.02,9.04,2.23,9.04,2.23,-2.22,-2.19,-1.34,6.82,6.82,6.81
3640.06,8.94,2.15,8.94,2.14,-2.14,-2.09,-1.42,6.80,6.80,6.79
3676.46,8.84,2.03,8.84,2.04,-2.04,-1.97,-1.50,6.80,6.80,6.81
3713.22,8.75,1.90,8.76,1.91,-1.92,-1.83,-1.57,6.84,6.84,6.85
3750.36,8.67,1.76,8.67,1.76,-1.76,-1.67,-1.63,6.91,6.91,6.91
3787.86,8.60,1.59,8.60,1.60,-1.59,-1.50,-1.69,7.01,7.01,7.00
3825.74,8.52,1.42,8.52,1.41,-1.40,-1.31,-1.75,7.13,7.13,7.11
3864.00,8.45,1.21,8.45,1.20,-1.18,-1.11,-1.80,7.26,7.26,7.24
3902.64,8.37,0.96,8.37,0.97,-0.96,-0.90,-1.84,7.41,7.41,7.41
3941.66,8.29,0.71,8.29,0.70,-0.72,-0.68,-1.88,7.58,7.57,7.58
3981.08,8.21,0.42,8.21,0.42,-0.46,-0.44,-1.91,7.74,7.74,7.78
4020.89,8.13,0.13,8.13,0.13,-0.18,-0.19,-1.94,7.95,7.95,8.00
4061.10,8.06,-0.17,8.06,-0.16,0.12,0.05,-1.96,8.18,8.18,8.22
4101.71,8.00,-0.46,8.00,-0.46,0.41,0.30,-1.97,8.41,8.41,8.46
4142.73,7.94,-0.76,7.94,-0.76,0.67,0.52,-1.98,8.61,8.61,8.71
4184.15,7.89,-1.07,7.89,-1.08,0.88,0.72,-1.98,8.76,8.76,8.96
4226.00,7.83,-1.41,7.83,-1.41,1.02,0.84,-1.97,8.84,8.84,9.24
4268.26,7.77,-1.75,7.77,-1.75,1.08,0.91,-1.96,8.85,8.85,9.52
4310.94,7.71,-2.10,7.71,-2.10,1.07,0.88,-1.95,8.78,8.78,9.81
4354.05,7.65,-2.44,7.66,-2.44,0.98,0.80,-1.93,8.64,8.64,10.10
4397.59,7.61,-2.75,7.61,-2.76,0.82,0.64,-1.90,8.43,8.43,10.36
4441.56,7.57,-3.04,7.57,-3.04,0.60,0.45,-1.88,8.17,8.17,10.61
4485.98,7.54,-3.25,7.54,-3.24,0.33,0.23,-1.84,7.87,7.87,10.78
4530.84,7.51,-3.36,7.51,-3.36,0.04,-0.00,-1.81,7.55,7.55,10.87
4576.15,7.48,-3.34,7.48,-3.35,-0.26,-0.25,-1.77,7.23,7.23,10.82
4621.91,7.46,-3.22,7.46,-3.19,-0.53,-0.49,-1.73,6.93,6.93,10.68
4668.13,7.44,-2.89,7.44,-2.88,-0.79,-0.75,-1.69,6.65,6.65,10.32
4714.81,7.41,-2.38,7.41,-2.40,-1.00,-1.01,-1.64,6.41,6.41,9.79
4761.96,7.38,-1.78,7.39,-1.77,-1.21,-1.30,-1.60,6.17,6.17,9.16
4809.58,7.36,-1.03,7.36,-1.02,-1.47,-1.60,-1.55,5.89,5.89,8.38
4857.67,7.32,-0.19,7.32,-0.19,-1.79,-1.94,-1.50,5.54,5.53,7.51
4906.25,7.27,0.72,7.27,0.72,-2.19,-2.29,-1.45,5.09,5.09,6.55
4955.31,7.22,1.65,7.22,1.66,-2.67,-2.68,-1.41,4.55,4.55,5.57
5004.87,7.16,2.60,7.16,2.60,-3.19,-3.08,-1.36,3.97,3.97,4.56
5054.91,7.09,3.49,7.09,3.50,-3.72,-3.47,-1.31,3.37,3.37,3.60
5105.46,7.02,4.28,7.02,4.30,-4.20,-3.85,-1.26,2.82,2.82,2.74
5156.52,6.95,4.94,6.95,4.90,-4.57,-4.08,-1.21,2.38,2.38,2.01
5208.08,6.87,5.27,6.86,5.23,-4.78,-4.25,-1.16,2.08,2.08,1.59
5260.16,6.77,5.22,6.77,5.24,-4.81,-4.16,-1.11,1.97,1.97,1.55
5312.77,6.67,4.95,6.67,4.91,-4.61,-3.99,-1.07,2.06,2.06,1.72
5365.89,6.55,4.34,6.55,4.33,-4.20,-3.61,-1.02,2.35,2.35,2.21
5419.55,6.42,3.57,6.42,3.58,-3.58,-3.16,-0.98,2.84,2.84,2.85
5473.75,6.28,2.74,6.28,2.74,-2.86,-2.65,-0.93,3.42,3.42,3.53
5528.49,6.13,1.93,6.13,1.95,-2.12,-2.13,-0.89,4.01,4.01,4.20
5583.77,5.97,1.21,5.98,1.22,-1.42,-1.63,-0.84,4.55,4.55,4.76
5639.61,5.82,0.65,5.82,0.64,-0.82,-1.14,-0.80,5.00,5.01,5.17
5696.00,5.67,0.16,5.68,0.19,-0.34,-0.74,-0.76,5.33,5.34,5.51
5752.96,5.53,-0.10,5.54,-0.11,0.01,-0.36,-0.72,5.53,5.54,5.62
5810.49,5.39,-0.30,5.41,-0.28,0.23,-0.10,-0.68,5.62,5.63,5.69
5868.60,5.27,-0.36,5.29,-0.35,0.35,0.13,-0.64,5.62,5.64,5.63
5927.28,5.15,-0.37,5.18,-0.37,0.40,0.23,-0.60,5.55,5.58,5.53
5986.56,5.05,-0.33,5.08,-0.32,0.39,0.30,-0.57,5.44,5.48,5.38
6046.42,4.96,-0.28,5.00,-0.27,0.35,0.30,-0.53,5.30,5.35,5.24
6106.89,4.87,-0.22,4.93,-0.23,0.27,0.28,-0.49,5.14,5.20,5.09
6167.96,4.79,-0.19,4.87,-0.22,0.18,0.25,-0.46,4.97,5.05,4.98
6229.64,4.73,-0.22,4.83,-0.17,0.09,0.20,-0.43,4.82,4.91,4.95
6291.93,4.68,-0.10,4.81,-0.06,0.00,0.17,-0.39,4.68,4.81,4.78
6354.85,4.65,0.13,4.80,0.09,-0.07,0.13,-0.36,4.57,4.73,4.51
6418.40,4.62,0.33,4.82,0.23,-0.13,0.10,-0.33,4.49,4.69,4.29
6482.58,4.61,0.39,4.85,0.30,-0.17,0.08,-0.30,4.44,4.68,4.22
6547.41,4.61,0.42,4.90,0.30,-0.19,0.06,-0.27,4.43,4.71,4.19
6612.88,4.63,0.43,4.97,0.26,-0.18,0.04,-0.24,4.44,4.78,4.19
6679.01,4.66,0.43,5.04,0.20,-0.16,0.03,-0.21,4.50,4.89,4.23
6745.80,4.71,0.41,5.12,0.13,-0.11,0.02,-0.18,4.60,5.02,4.30
6813.26,4.77,0.38,5.20,0.04,-0.05,0.02,-0.15,4.72,5.15,4.39
6881.39,4.86,0.34,5.27,-0.06,0.01,0.01,-0.12,4.86,5.28,4.52
6950.21,4.96,0.29,5.32,-0.15,0.05,0.01,-0.10,5.01,5.37,4.67
7019.71,5.08,0.23,5.35,-0.23,0.08,0.01,-0.07,5.16,5.43,4.84
7089.91,5.22,0.19,5.35,-0.31,0.10,0.01,-0.05,5.32,5.45,5.03
7160.81,5.39,0.13,5.32,-0.38,0.10,0.00,-0.02,5.49,5.43,5.26
7232.41,5.58,0.06,5.27,-0.43,0.10,0.00,0.00,5.68,5.37,5.52
7304.74,5.79,-0.02,5.19,-0.47,0.09,0.00,0.02,5.88,5.28,5.80
7377.79,6.02,-0.10,5.09,-0.50,0.08,0.01,0.04,6.10,5.17,6.12
7451.56,6.28,-0.18,4.97,-0.52,0.07,0.01,0.06,6.34,5.04,6.46
7526.08,6.54,-0.26,4.84,-0.53,0.05,0.01,0.08,6.60,4.89,6.80
7601.34,6.82,-0.32,4.70,-0.54,0.04,0.01,0.10,6.86,4.74,7.14
7677.35,7.10,-0.35,4.55,-0.53,0.03,0.01,0.12,7.13,4.58,7.45
7754.13,7.38,-0.37,4.39,-0.53,0.02,0.01,0.13,7.41,4.41,7.75
7831.67,7.64,-0.35,4.23,-0.52,0.02,0.01,0.14,7.66,4.24,8.00
7909.98,7.88,-0.32,4.06,-0.52,0.01,0.01,0.16,7.90,4.07,8.20
7989.08,8.09,-0.26,3.89,-0.52,0.01,0.01,0.16,8.10,3.90,8.35
8068.98,8.24,-0.17,3.72,-0.53,0.01,0.01,0.17,8.24,3.73,8.41
8149.67,8.34,-0.08,3.55,-0.56,0.01,0.01,0.18,8.35,3.56,8.42
8231.16,8.39,0.04,3.39,-0.59,0.00,0.01,0.19,8.39,3.39,8.35
8313.47,8.35,0.15,3.23,-0.62,0.00,0.01,0.19,8.36,3.23,8.20
8396.61,8.27,0.24,3.07,-0.65,0.00,0.02,0.19,8.27,3.08,8.02
8480.57,8.08,0.29,2.93,-0.69,0.00,0.02,0.19,8.08,2.93,7.79
8565.38,7.81,0.27,2.80,-0.71,0.00,0.02,0.20,7.81,2.80,7.54
8651.03,7.47,0.18,2.67,-0.73,0.00,0.02,0.19,7.47,2.67,7.29
8737.54,7.05,0.01,2.56,-0.74,0.00,0.02,0.19,7.05,2.56,7.04
8824.92,6.56,-0.24,2.46,-0.74,0.00,0.02,0.19,6.56,2.46,6.80
8913.17,6.00,-0.59,2.37,-0.73,0.00,0.02,0.18,6.00,2.37,6.59
9002.30,5.42,-0.96,2.29,-0.72,0.00,0.02,0.18,5.42,2.29,6.38
9092.32,4.80,-1.38,2.22,-0.72,0.00,0.02,0.17,4.80,2.22,6.19
9183.25,4.17,-1.82,2.15,-0.75,0.00,0.02,0.17,4.18,2.15,6.00
9275.08,3.54,-2.26,2.09,-0.81,0.00,0.02,0.16,3.54,2.09,5.80
9367.83,2.92,-2.66,2.03,-0.91,0.00,0.02,0.16,2.92,2.03,5.57
9461.51,2.29,-3.03,1.98,-1.03,0.00,0.02,0.15,2.29,1.98,5.32
9556.12,1.67,-3.38,1.92,-1.18,0.00,0.02,0.14,1.67,1.92,5.05
9651.68,1.06,-3.71,1.87,-1.34,0.00,0.02,0.13,1.06,1.87,4.77
9748.20,0.45,-4.02,1.82,-1.47,0.00,0.02,0.12,0.45,1.82,4.46
9845.68,-0.15,-4.26,1.76,-1.55,0.00,0.02,0.12,-0.15,1.76,4.10
9944.14,-0.74,-4.44,1.70,-1.61,0.00,0.02,0.11,-0.74,1.70,3.70
10043.58,-1.29,-4.53,1.63,-1.64,0.00,0.02,0.10,-1.29,1.63,3.24
10144.02,-1.81,-4.56,1.48,-1.62,0.00,0.02,0.09,-1.81,1.48,2.75
10245.46,-2.26,-4.45,1.32,-1.61,0.00,0.02,0.09,-2.26,1.32,2.19
10347.91,-2.68,-4.28,1.17,-1.59,0.00,0.02,0.08,-2.68,1.17,1.60
10451.39,-3.07,-4.05,1.01,-1.56,0.00,0.02,0.07,-3.07,1.01,0.97
10555.91,-3.42,-3.72,0.84,-1.54,0.00,0.02,0.06,-3.42,0.84,0.30
10661.46,-3.73,-3.36,0.68,-1.51,0.00,0.02,0.06,-3.73,0.68,-0.37
10768.08,-4.01,-2.97,0.51,-1.48,0.00,0.02,0.05,-4.01,0.51,-1.04
10875.76,-4.26,-2.56,0.34,-1.44,0.00,0.02,0.04,-4.26,0.34,-1.71
10984.52,-4.48,-2.17,0.17,-1.40,0.00,0.02,0.03,-4.48,0.17,-2.32
11094.36,-4.69,-1.78,-0.01,-1.36,0.00,0.02,0.03,-4.69,-0.01,-2.90
11205.31,-4.86,-1.39,-0.19,-1.32,0.00,0.02,0.02,-4.86,-0.19,-3.46
11317.36,-4.98,-1.05,-0.37,-1.28,0.00,0.01,0.01,-4.98,-0.37,-3.93
11430.53,-5.09,-0.70,-0.55,-1.23,0.00,0.01,0.01,-5.09,-0.55,-4.39
11544.84,-5.17,-0.38,-0.74,-1.18,0.00,0.01,-0.00,-5.17,-0.74,-4.79
11660.29,-5.21,-0.09,-0.92,-1.12,0.00,0.01,-0.01,-5.21,-0.92,-5.12
11776.89,-5.24,0.18,-1.11,-1.07,0.00,0.01,-0.01,-5.24,-1.11,-5.42
11894.66,-5.21,0.45,-1.31,-1.01,0.00,0.01,-0.02,-5.21,-1.31,-5.66
12013.60,-5.17,0.72,-1.50,-0.95,0.00,0.01,-0.03,-5.17,-1.50,-5.89
12133.74,-5.10,0.97,-1.70,-0.88,0.00,0.01,-0.03,-5.10,-1.70,-6.07
12255.08,-4.99,1.18,-1.90,-0.82,0.00,0.01,-0.04,-4.99,-1.90,-6.17
12377.63,-4.87,1.37,-2.10,-0.75,0.00,0.01,-0.05,-4.87,-2.10,-6.24
12501.41,-4.73,1.57,-2.31,-0.67,0.00,0.01,-0.06,-4.73,-2.31,-6.30
12626.42,-4.56,1.76,-2.52,-0.60,0.00,0.01,-0.06,-4.56,-2.52,-6.32
12752.68,-4.38,1.91,-2.73,-0.52,0.00,0.01,-0.07,-4.38,-2.73,-6.28
12880.21,-4.20,2.00,-2.94,-0.44,0.00,0.01,-0.08,-4.20,-2.94,-6.20
13009.01,-4.02,2.07,-3.15,-0.36,0.00,0.01,-0.09,-4.02,-3.15,-6.09
13139.10,-3.85,2.14,-3.37,-0.27,0.00,0.01,-0.10,-3.85,-3.37,-5.99
13270.49,-3.70,2.11,-3.59,-0.18,0.00,0.01,-0.11,-3.70,-3.59,-5.81
13403.20,-3.57,2.04,-3.82,-0.09,-0.00,0.01,-0.12,-3.57,-3.82,-5.61
13537.23,-3.47,1.91,-4.04,0.01,-0.00,0.01,-0.13,-3.47,-4.04,-5.38
13672.60,-3.40,1.72,-4.27,0.10,-0.00,0.01,-0.14,-3.40,-4.27,-5.12
13809.33,-3.35,1.50,-4.50,0.20,-0.00,0.01,-0.15,-3.35,-4.50,-4.85
13947.42,-3.34,1.29,-4.73,0.31,-0.00,0.01,-0.16,-3.34,-4.73,-4.63
14086.90,-3.38,1.08,-4.97,0.41,-0.00,0.01,-0.18,-3.38,-4.97,-4.46
14227.77,-3.43,0.89,-5.20,0.52,-0.00,0.01,-0.19,-3.43,-5.20,-4.31
14370.04,-3.49,0.73,-5.44,0.63,-0.00,0.01,-0.21,-3.49,-5.44,-4.22
14513.74,-3.56,0.63,-5.69,0.74,-0.00,0.01,-0.22,-3.56,-5.69,-4.20
14658.88,-3.62,0.58,-5.93,0.86,-0.00,0.01,-0.24,-3.62,-5.93,-4.20
14805.47,-3.65,0.51,-6.18,0.98,-0.00,0.01,-0.26,-3.65,-6.18,-4.16
14953.52,-3.64,0.41,-6.43,1.10,-0.00,0.01,-0.27,-3.64,-6.43,-4.05
15103.06,-3.55,0.28,-6.68,1.23,-0.00,0.01,-0.29,-3.55,-6.68,-3.83
15254.09,-3.41,0.14,-6.94,1.35,-0.00,0.01,-0.31,-3.41,-6.94,-3.55
15406.63,-3.14,0.05,-7.19,1.48,-0.00,0.01,-0.33,-3.14,-7.19,-3.19
15560.70,-2.86,0.09,-7.45,1.62,-0.00,0.00,-0.34,-2.86,-7.45,-2.94
15716.30,-2.53,0.32,-7.72,1.75,-0.00,0.00,-0.35,-2.53,-7.72,-2.86
15873.47,-2.26,0.89,-7.98,1.89,-0.00,0.00,-0.36,-2.26,-7.98,-3.15
16032.20,-2.04,1.56,-8.25,2.03,-0.00,0.00,-0.36,-2.04,-8.25,-3.60
16192.52,-1.98,2.28,-8.52,2.18,-0.00,0.00,-0.36,-1.98,-8.52,-4.26
16354.45,-2.13,2.78,-8.79,2.32,-0.00,0.00,-0.35,-2.13,-8.79,-4.90
16517.99,-2.42,3.09,-9.07,2.47,-0.00,0.00,-0.33,-2.42,-9.07,-5.51
16683.17,-3.03,2.95,-9.34,2.62,-0.00,0.00,-0.31,-3.03,-9.34,-5.98
16850.01,-3.83,2.48,-9.62,2.78,-0.00,0.00,-0.29,-3.83,-9.62,-6.31
17018.51,-4.78,1.73,-9.91,2.94,-0.00,0.00,-0.27,-4.78,-9.91,-6.51
17188.69,-5.93,0.51,-10.19,3.10,-0.00,0.00,-0.24,-5.93,-10.19,-6.43
17360.58,-7.15,-0.91,-10.48,3.26,-0.00,0.00,-0.22,-7.15,-10.48,-6.24
17534.18,-8.43,-2.43,-10.77,3.42,-0.00,0.00,-0.19,-8.43,-10.77,-6.01
17709.53,-9.74,-3.86,-11.06,3.59,-0.00,0.00,-0.17,-9.74,-11.06,-5.88
17886.62,-11.02,-4.35,-11.36,3.76,-0.00,0.00,-0.15,-11.02,-11.36,-6.67
18065.49,-12.26,-3.81,-11.65,3.94,-0.00,0.00,-0.13,-12.26,-11.65,-8.46
18246.14,-13.46,-1.99,-11.95,4.11,-0.00,0.00,-0.11,-13.46,-11.95,-11.47
18428.60,-14.58,0.74,-12.26,4.29,-0.00,0.00,-0.10,-14.58,-12.26,-15.32
18612.89,-15.65,3.98,-12.56,4.48,-0.00,0.00,-0.08,-15.65,-12.56,-19.63
18799.02,-16.69,7.65,-12.87,4.66,-0.00,0.00,-0.07,-16.69,-12.87,-24.33
18987.01,-17.69,11.63,-13.18,4.85,-0.00,0.00,-0.06,-17.69,-13.18,-29.32
19176.88,-18.64,13.64,-13.49,5.04,-0.00,0.00,-0.05,-18.64,-13.49,-32.28
19368.65,-19.51,12.28,-13.81,5.23,-0.00,0.00,-0.04,-19.51,-13.81,-31.79
19562.33,-20.24,9.76,-14.12,5.43,-0.00,0.00,-0.03,-20.24,-14.12,-30.00
19757.96,-20.81,9.00,-14.44,5.63,-0.00,0.00,-0.03,-20.81,-14.44,-29.81
19955.54,-21.37,8.24,-14.76,5.83,-0.00,0.00,-0.02,-21.37,-14.76,-29.61
