frequency,raw,error,smoothed,error_smoothed,equalization,parametric_eq,fixed_band_eq,equalized_raw,equalized_smoothed,target
20.00,-0.24,-12.07,-0.24,-12.07,6.00,5.91,2.70,5.76,5.76,11.83
20.20,-0.18,-12.03,-0.18,-12.03,6.00,5.94,2.77,5.82,5.82,11.85
20.40,-0.13,-11.98,-0.13,-11.98,6.00,5.97,2.85,5.87,5.87,11.86
20.61,-0.08,-11.94,-0.08,-11.94,6.00,6.00,2.93,5.92,5.92,11.86
20.81,-0.03,-11.89,-0.03,-11.89,6.00,6.02,3.01,5.97,5.97,11.85
21.02,0.01,-11.84,0.01,-11.84,6.00,6.03,3.10,6.01,6.01,11.85
21.23,0.05,-11.80,0.05,-11.80,6.00,6.04,3.19,6.05,6.05,11.85
21.44,0.08,-11.77,0.08,-11.77,6.00,6.05,3.28,6.08,6.08,11.85
21.66,0.12,-11.75,0.12,-11.75,6.00,6.05,3.37,6.12,6.12,11.87
21.87,0.15,-11.73,0.15,-11.73,6.00,6.05,3.47,6.15,6.15,11.88
22.09,0.19,-11.71,0.19,-11.71,6.00,6.04,3.56,6.19,6.19,11.90
22.31,0.23,-11.69,0.23,-11.69,6.00,6.04,3.67,6.23,6.23,11.92
22.54,0.27,-11.66,0.27,-11.66,6.00,6.03,3.77,6.27,6.27,11.93
22.76,0.31,-11.64,0.31,-11.63,6.00,6.03,3.88,6.31,6.31,11.95
22.99,0.35,-11.60,0.35,-11.60,6.00,6.02,3.98,6.35,6.35,11.96
23.22,0.39,-11.57,0.39,-11.57,6.00,6.02,4.10,6.39,6.39,11.96
23.45,0.43,-11.53,0.43,-11.53,6.00,6.02,4.21,6.43,6.43,11.96
23.69,0.46,-11.50,0.46,-11.50,6.00,6.01,4.33,6.46,6.46,11.96
23.92,0.49,-11.46,0.49,-11.46,6.00,6.01,4.44,6.49,6.49,11.96
24.16,0.53,-11.43,0.53,-11.43,6.00,6.01,4.57,6.53,6.53,11.95
24.40,0.56,-11.40,0.56,-11.40,6.00,6.01,4.69,6.56,6.56,11.95
24.65,0.59,-11.37,0.59,-11.37,6.00,6.01,4.81,6.59,6.59,11.95
24.89,0.62,-11.33,0.62,-11.33,6.00,6.01,4.94,6.62,6.62,11.95
25.14,0.65,-11.30,0.65,-11.30,6.00,6.01,5.07,6.65,6.65,11.95
25.39,0.68,-11.27,0.68,-11.27,6.00,6.01,5.20,6.68,6.68,11.95
25.65,0.70,-11.24,0.70,-11.24,6.00,6.01,5.33,6.70,6.70,11.95
25.91,0.73,-11.21,0.73,-11.21,6.00,6.01,5.46,6.73,6.73,11.94
26.16,0.75,-11.18,0.75,-11.18,6.00,6.02,5.59,6.75,6.75,11.93
26.43,0.77,-11.15,0.77,-11.15,6.00,6.02,5.72,6.77,6.77,11.92
26.69,0.80,-11.12,0.80,-11.12,6.00,6.02,5.85,6.80,6.80,11.92
26.96,0.82,-11.08,0.82,-11.08,6.00,6.02,5.98,6.82,6.82,11.91
27.23,0.85,-11.05,0.85,-11.05,6.00,6.02,6.10,6.85,6.85,11.90
27.50,0.88,-11.01,0.88,-11.01,6.00,6.02,6.22,6.88,6.88,11.89
27.77,0.91,-10.97,0.91,-10.97,6.00,6.02,6.34,6.91,6.91,11.88
28.05,0.94,-10.94,0.94,-10.94,6.00,6.02,6.46,6.94,6.94,11.88
28.33,0.97,-10.90,0.97,-10.90,6.00,6.02,6.57,6.97,6.97,11.87
28.62,0.99,-10.87,0.99,-10.87,6.00,6.02,6.68,6.99,6.99,11.86
28.90,1.02,-10.83,1.02,-10.83,6.00,6.02,6.77,7.02,7.02,11.85
29.19,1.04,-10.80,1.04,-10.80,6.00,6.02,6.87,7.04,7.04,11.84
29.48,1.06,-10.77,1.06,-10.77,6.00,6.02,6.95,7.06,7.06,11.83
29.78,1.09,-10.74,1.09,-10.74,6.00,6.02,7.03,7.09,7.09,11.82
30.08,1.12,-10.70,1.12,-10.70,6.00,6.02,7.10,7.12,7.12,11.82
30.38,1.15,-10.66,1.15,-10.66,6.00,6.02,7.16,7.15,7.15,11.81
30.68,1.18,-10.63,1.18,-10.63,6.00,6.02,7.20,7.18,7.18,11.80
30.99,1.21,-10.59,1.21,-10.59,6.00,6.02,7.24,7.21,7.21,11.80
31.30,1.24,-10.55,1.24,-10.55,6.00,6.02,7.27,7.24,7.24,11.79
31.61,1.27,-10.52,1.27,-10.52,6.00,6.02,7.29,7.27,7.27,11.79
31.93,1.29,-10.49,1.29,-10.49,6.00,6.02,7.30,7.29,7.29,11.78
32.24,1.31,-10.46,1.31,-10.46,6.00,6.01,7.30,7.31,7.31,11.78
32.57,1.33,-10.44,1.33,-10.44,6.00,6.01,7.29,7.33,7.33,11.77
32.89,1.36,-10.42,1.36,-10.41,6.00,6.01,7.27,7.36,7.36,11.77
33.22,1.38,-10.39,1.38,-10.39,6.00,6.01,7.24,7.38,7.38,11.77
33.55,1.40,-10.36,1.40,-10.36,6.00,6.01,7.21,7.40,7.40,11.76
33.89,1.43,-10.33,1.43,-10.33,6.00,6.00,7.17,7.43,7.43,11.75
34.23,1.45,-10.29,1.45,-10.29,6.00,6.00,7.12,7.45,7.45,11.74
34.57,1.47,-10.26,1.47,-10.26,6.00,6.00,7.06,7.47,7.47,11.73
34.92,1.49,-10.23,1.49,-10.23,6.00,6.00,7.01,7.49,7.49,11.72
35.27,1.51,-10.19,1.51,-10.19,6.00,6.00,6.94,7.51,7.51,11.71
35.62,1.53,-10.16,1.53,-10.16,6.00,5.99,6.88,7.53,7.53,11.69
35.97,1.55,-10.12,1.55,-10.12,6.00,5.99,6.81,7.55,7.55,11.67
36.33,1.57,-10.09,1.57,-10.09,6.00,5.99,6.74,7.57,7.57,11.65
36.70,1.58,-10.05,1.58,-10.05,6.00,5.99,6.67,7.58,7.58,11.64
37.06,1.60,-10.02,1.60,-10.02,6.00,5.98,6.60,7.60,7.60,11.62
37.43,1.62,-9.99,1.62,-9.99,6.00,5.98,6.53,7.62,7.62,11.60
37.81,1.63,-9.95,1.63,-9.95,6.00,5.98,6.46,7.63,7.63,11.59
38.19,1.65,-9.92,1.65,-9.92,6.00,5.98,6.39,7.65,7.65,11.57
38.57,1.67,-9.89,1.67,-9.89,6.00,5.98,6.32,7.67,7.67,11.56
38.95,1.68,-9.86,1.68,-9.86,6.00,5.97,6.25,7.68,7.68,11.54
39.34,1.70,-9.83,1.70,-9.83,6.00,5.97,6.19,7.70,7.70,11.53
39.74,1.71,-9.80,1.71,-9.80,6.00,5.97,6.13,7.71,7.71,11.51
40.14,1.73,-9.77,1.73,-9.77,6.00,5.97,6.07,7.73,7.73,11.50
40.54,1.74,-9.74,1.74,-9.74,6.00,5.97,6.02,7.74,7.74,11.49
40.94,1.76,-9.72,1.76,-9.72,6.00,5.97,5.97,7.76,7.76,11.47
41.35,1.77,-9.69,1.77,-9.69,6.00,5.97,5.92,7.77,7.77,11.46
41.76,1.79,-9.66,1.79,-9.66,6.00,5.96,5.88,7.79,7.79,11.44
42.18,1.80,-9.63,1.80,-9.63,6.00,5.96,5.84,7.80,7.80,11.43
42.60,1.82,-9.60,1.82,-9.60,6.00,5.96,5.81,7.82,7.82,11.41
43.03,1.83,-9.56,1.83,-9.56,6.00,5.96,5.78,7.83,7.83,11.40
43.46,1.85,-9.53,1.85,-9.53,6.00,5.96,5.75,7.85,7.85,11.38
43.90,1.86,-9.49,1.86,-9.49,6.00,5.96,5.73,7.86,7.86,11.36
44.33,1.88,-9.46,1.88,-9.46,6.00,5.96,5.71,7.88,7.88,11.34
44.78,1.90,-9.42,1.90,-9.42,6.00,5.96,5.70,7.90,7.90,11.32
45.23,1.91,-9.38,1.91,-9.38,6.00,5.96,5.69,7.91,7.91,11.29
45.68,1.93,-9.34,1.93,-9.34,6.00,5.96,5.68,7.93,7.93,11.27
46.13,1.94,-9.30,1.94,-9.30,6.00,5.97,5.68,7.94,7.94,11.25
46.60,1.96,-9.27,1.96,-9.27,6.00,5.97,5.69,7.96,7.96,11.22
47.06,1.97,-9.23,1.97,-9.23,6.00,5.97,5.69,7.97,7.97,11.20
47.53,1.98,-9.20,1.98,-9.20,6.00,5.97,5.71,7.98,7.98,11.18
48.01,1.99,-9.16,1.99,-9.16,6.00,5.97,5.72,7.99,7.99,11.15
48.49,2.00,-9.13,2.00,-9.13,6.00,5.97,5.74,8.00,8.00,11.13
48.97,2.00,-9.10,2.00,-9.10,6.00,5.98,5.76,8.00,8.00,11.10
49.46,2.01,-9.07,2.01,-9.07,6.00,5.98,5.79,8.01,8.01,11.08
49.96,2.02,-9.04,2.02,-9.03,6.00,5.98,5.82,8.02,8.02,11.06
50.46,2.03,-9.00,2.03,-9.00,6.00,5.98,5.85,8.03,8.03,11.03
50.96,2.05,-8.96,2.05,-8.96,6.00,5.99,5.88,8.05,8.05,11.01
51.47,2.08,-8.92,2.08,-8.92,6.00,5.99,5.92,8.08,8.08,10.99
51.99,2.11,-8.87,2.11,-8.86,6.00,5.99,5.96,8.11,8.11,10.97
52.51,2.14,-8.81,2.14,-8.81,6.00,6.00,6.00,8.14,8.14,10.95
53.03,2.18,-8.75,2.18,-8.75,6.00,6.00,6.04,8.18,8.18,10.93
53.56,2.21,-8.70,2.21,-8.70,6.00,6.01,6.08,8.21,8.21,10.91
54.10,2.22,-8.66,2.22,-8.67,6.00,6.01,6.12,8.22,8.22,10.89
54.64,2.22,-8.65,2.22,-8.65,6.00,6.01,6.17,8.22,8.22,10.87
55.18,2.20,-8.64,2.20,-8.64,6.00,6.02,6.21,8.20,8.20,10.85
55.74,2.18,-8.63,2.19,-8.62,6.00,6.02,6.25,8.18,8.19,10.81
56.29,2.18,-8.60,2.18,-8.60,6.00,6.03,6.29,8.18,8.18,10.78
56.86,2.18,-8.55,2.19,-8.55,6.00,6.03,6.32,8.18,8.19,10.73
57.42,2.20,-8.50,2.20,-8.50,6.00,6.04,6.36,8.20,8.20,10.70
58.00,2.22,-8.44,2.22,-8.44,6.00,6.04,6.39,8.22,8.22,10.66
58.58,2.23,-8.39,2.23,-8.39,6.00,6.05,6.41,8.23,8.23,10.62
59.16,2.24,-8.34,2.24,-8.34,6.00,6.05,6.44,8.24,8.24,10.58
59.76,2.25,-8.30,2.25,-8.30,6.00,6.06,6.45,8.25,8.25,10.55
60.35,2.26,-8.26,2.26,-8.26,6.00,6.06,6.47,8.26,8.26,10.52
60.96,2.26,-8.22,2.27,-8.22,6.00,6.07,6.47,8.26,8.27,10.48
61.57,2.27,-8.19,2.27,-8.19,6.00,6.07,6.48,8.27,8.27,10.46
62.18,2.28,-8.15,2.28,-8.15,6.00,6.08,6.47,8.28,8.28,10.43
62.80,2.28,-8.12,2.28,-8.12,6.00,6.08,6.47,8.28,8.28,10.40
63.43,2.29,-8.09,2.29,-8.09,6.00,6.09,6.45,8.29,8.29,10.37
64.07,2.29,-8.05,2.29,-8.05,6.00,6.09,6.43,8.29,8.29,10.35
64.71,2.30,-8.02,2.30,-8.02,6.00,6.10,6.40,8.30,8.30,10.32
65.35,2.31,-7.98,2.31,-7.98,6.00,6.10,6.37,8.31,8.31,10.29
66.01,2.32,-7.94,2.32,-7.94,6.00,6.10,6.34,8.32,8.32,10.26
66.67,2.33,-7.90,2.33,-7.90,6.00,6.11,6.30,8.33,8.33,10.23
67.33,2.34,-7.85,2.34,-7.85,6.00,6.11,6.25,8.34,8.34,10.20
68.01,2.35,-7.81,2.35,-7.81,6.00,6.11,6.21,8.35,8.35,10.16
68.69,2.36,-7.76,2.36,-7.76,6.00,6.12,6.15,8.36,8.36,10.12
69.37,2.37,-7.72,2.37,-7.72,6.00,6.12,6.10,8.37,8.37,10.09
70.07,2.38,-7.67,2.37,-7.68,6.00,6.12,6.04,8.38,8.37,10.05
70.77,2.38,-7.64,2.38,-7.64,6.00,6.12,5.98,8.38,8.38,10.02
71.48,2.39,-7.60,2.39,-7.60,6.00,6.13,5.92,8.39,8.39,9.98
72.19,2.39,-7.56,2.39,-7.56,6.00,6.13,5.86,8.39,8.39,9.95
72.91,2.40,-7.51,2.40,-7.51,6.00,6.13,5.80,8.40,8.40,9.91
73.64,2.40,-7.47,2.40,-7.47,6.00,6.13,5.74,8.40,8.40,9.88
74.38,2.41,-7.43,2.41,-7.43,6.00,6.13,5.68,8.41,8.41,9.84
75.12,2.42,-7.38,2.42,-7.38,6.00,6.13,5.62,8.42,8.42,9.80
75.87,2.43,-7.33,2.43,-7.33,6.00,6.12,5.56,8.43,8.43,9.76
76.63,2.43,-7.29,2.43,-7.29,6.00,6.12,5.50,8.43,8.43,9.72
77.40,2.44,-7.24,2.44,-7.24,6.00,6.12,5.44,8.44,8.44,9.68
78.17,2.45,-7.19,2.45,-7.19,6.00,6.12,5.39,8.45,8.45,9.64
78.95,2.45,-7.15,2.45,-7.15,6.00,6.11,5.34,8.45,8.45,9.60
79.74,2.46,-7.10,2.46,-7.10,6.00,6.11,5.29,8.46,8.46,9.56
80.54,2.46,-7.06,2.46,-7.06,6.00,6.10,5.25,8.46,8.46,9.52
81.35,2.46,-7.01,2.46,-7.01,6.00,6.09,5.20,8.46,8.46,9.47
82.16,2.47,-6.96,2.47,-6.96,6.00,6.09,5.16,8.47,8.47,9.43
82.98,2.47,-6.92,2.47,-6.92,6.00,6.08,5.13,8.47,8.47,9.39
83.81,2.48,-6.87,2.48,-6.87,6.00,6.07,5.10,8.48,8.48,9.35
84.65,2.49,-6.82,2.49,-6.82,6.00,6.06,5.07,8.49,8.49,9.30
85.50,2.49,-6.77,2.49,-6.77,6.00,6.05,5.04,8.49,8.49,9.26
86.35,2.50,-6.72,2.50,-6.72,6.00,6.03,5.02,8.50,8.50,9.21
87.22,2.50,-6.67,2.50,-6.67,6.00,6.02,5.00,8.50,8.50,9.17
88.09,2.51,-6.62,2.51,-6.62,6.00,6.01,4.99,8.51,8.51,9.12
88.97,2.51,-6.57,2.51,-6.57,6.00,5.99,4.98,8.51,8.51,9.08
89.86,2.51,-6.52,2.52,-6.52,6.00,5.98,4.97,8.51,8.52,9.03
90.76,2.52,-6.47,2.52,-6.47,6.00,5.96,4.97,8.52,8.52,8.99
91.66,2.52,-6.42,2.52,-6.42,6.00,5.94,4.97,8.52,8.52,8.95
92.58,2.53,-6.37,2.53,-6.37,6.00,5.92,4.98,8.53,8.53,8.90
93.51,2.53,-6.33,2.53,-6.33,6.00,5.90,4.99,8.53,8.53,8.86
94.44,2.53,-6.28,2.53,-6.28,6.01,5.88,5.00,8.54,8.54,8.81
95.39,2.53,-6.23,2.53,-6.23,6.01,5.86,5.01,8.54,8.54,8.76
96.34,2.53,-6.17,2.53,-6.17,6.01,5.83,5.03,8.54,8.54,8.71
97.30,2.53,-6.12,2.53,-6.12,6.00,5.81,5.05,8.53,8.53,8.65
98.28,2.53,-6.06,2.53,-6.06,5.99,5.78,5.08,8.52,8.52,8.60
99.26,2.53,-6.01,2.53,-6.01,5.97,5.75,5.10,8.50,8.50,8.54
100.25,2.54,-5.95,2.54,-5.95,5.94,5.72,5.13,8.48,8.48,8.49
101.25,2.54,-5.90,2.54,-5.90,5.91,5.70,5.16,8.45,8.45,8.44
102.27,2.55,-5.85,2.55,-5.85,5.87,5.66,5.20,8.42,8.42,8.40
103.29,2.56,-5.81,2.56,-5.81,5.82,5.63,5.23,8.38,8.38,8.36
104.32,2.56,-5.76,2.56,-5.76,5.77,5.60,5.27,8.33,8.33,8.33
105.37,2.57,-5.72,2.57,-5.72,5.72,5.57,5.30,8.28,8.28,8.28
106.42,2.57,-5.67,2.57,-5.67,5.66,5.53,5.34,8.23,8.23,8.24
107.48,2.57,-5.62,2.57,-5.62,5.61,5.49,5.38,8.17,8.18,8.18
108.56,2.57,-5.56,2.57,-5.56,5.55,5.46,5.41,8.12,8.12,8.12
109.64,2.57,-5.49,2.57,-5.49,5.49,5.42,5.45,8.06,8.06,8.06
110.74,2.57,-5.43,2.57,-5.43,5.44,5.38,5.48,8.01,8.01,8.00
111.85,2.58,-5.37,2.58,-5.37,5.38,5.34,5.51,7.95,7.95,7.95
112.97,2.58,-5.31,2.58,-5.31,5.32,5.30,5.54,7.90,7.90,7.89
114.10,2.58,-5.26,2.58,-5.26,5.26,5.25,5.57,7.84,7.84,7.84
115.24,2.59,-5.20,2.59,-5.20,5.20,5.21,5.59,7.79,7.79,7.79
116.39,2.59,-5.15,2.59,-5.15,5.14,5.17,5.61,7.73,7.73,7.74
117.55,2.59,-5.09,2.59,-5.09,5.09,5.12,5.62,7.68,7.68,7.68
118.73,2.59,-5.03,2.59,-5.03,5.03,5.07,5.63,7.62,7.62,7.62
119.92,2.59,-4.97,2.59,-4.97,4.97,5.03,5.63,7.57,7.57,7.57
121.12,2.59,-4.92,2.59,-4.92,4.92,4.98,5.63,7.51,7.51,7.51
122.33,2.59,-4.86,2.59,-4.86,4.86,4.93,5.62,7.45,7.45,7.45
123.55,2.59,-4.81,2.59,-4.81,4.81,4.88,5.60,7.40,7.40,7.40
124.79,2.59,-4.75,2.59,-4.75,4.75,4.83,5.58,7.34,7.34,7.34
126.03,2.58,-4.70,2.58,-4.70,4.70,4.78,5.55,7.28,7.28,7.28
127.29,2.58,-4.65,2.58,-4.65,4.65,4.73,5.51,7.23,7.23,7.23
128.57,2.57,-4.60,2.57,-4.60,4.60,4.67,5.47,7.17,7.17,7.17
129.85,2.56,-4.55,2.56,-4.55,4.56,4.62,5.42,7.12,7.12,7.11
131.15,2.55,-4.51,2.55,-4.51,4.51,4.57,5.36,7.06,7.06,7.06
132.46,2.54,-4.46,2.54,-4.46,4.47,4.51,5.30,7.01,7.01,7.01
133.79,2.53,-4.42,2.53,-4.42,4.42,4.46,5.23,6.95,6.95,6.95
135.12,2.52,-4.38,2.52,-4.38,4.38,4.40,5.16,6.90,6.90,6.90
136.48,2.51,-4.33,2.51,-4.33,4.33,4.34,5.08,6.84,6.84,6.84
137.84,2.51,-4.28,2.51,-4.28,4.28,4.29,5.00,6.78,6.78,6.79
139.22,2.50,-4.23,2.50,-4.23,4.22,4.23,4.91,6.72,6.73,6.73
140.61,2.51,-4.17,2.51,-4.17,4.16,4.17,4.82,6.67,6.67,6.68
142.02,2.51,-4.10,2.51,-4.10,4.10,4.11,4.73,6.61,6.61,6.62
143.44,2.52,-4.03,2.52,-4.03,4.03,4.05,4.63,6.55,6.55,6.55
144.87,2.53,-3.95,2.53,-3.96,3.96,4.00,4.54,6.49,6.49,6.48
146.32,2.54,-3.88,2.54,-3.88,3.89,3.94,4.44,6.43,6.43,6.42
147.78,2.54,-3.82,2.54,-3.82,3.83,3.88,4.34,6.37,6.37,6.36
149.26,2.55,-3.76,2.55,-3.76,3.76,3.82,4.24,6.31,6.31,6.30
150.75,2.55,-3.70,2.55,-3.70,3.70,3.76,4.13,6.25,6.25,6.25
152.26,2.55,-3.64,2.55,-3.64,3.64,3.70,4.03,6.19,6.19,6.19
153.78,2.55,-3.59,2.55,-3.59,3.58,3.64,3.93,6.13,6.13,6.13
155.32,2.55,-3.53,2.55,-3.53,3.52,3.58,3.83,6.07,6.07,6.07
156.88,2.54,-3.47,2.54,-3.47,3.47,3.52,3.73,6.01,6.01,6.01
158.44,2.54,-3.41,2.54,-3.41,3.41,3.46,3.63,5.95,5.95,5.95
160.03,2.54,-3.35,2.54,-3.35,3.35,3.40,3.54,5.89,5.89,5.89
161.63,2.54,-3.29,2.54,-3.29,3.29,3.34,3.44,5.83,5.83,5.83
163.24,2.53,-3.23,2.53,-3.23,3.23,3.27,3.35,5.77,5.77,5.76
164.88,2.53,-3.17,2.53,-3.17,3.18,3.21,3.25,5.70,5.70,5.70
166.53,2.51,-3.12,2.51,-3.12,3.13,3.15,3.16,5.64,5.64,5.64
168.19,2.50,-3.07,2.50,-3.07,3.08,3.09,3.07,5.58,5.58,5.57
169.87,2.49,-3.03,2.49,-3.03,3.03,3.03,2.98,5.52,5.52,5.51
171.57,2.47,-2.98,2.48,-2.98,2.98,2.97,2.90,5.46,5.46,5.46
173.29,2.46,-2.94,2.46,-2.94,2.93,2.91,2.81,5.40,5.40,5.40
175.02,2.45,-2.89,2.45,-2.89,2.88,2.85,2.73,5.34,5.34,5.34
176.77,2.44,-2.84,2.44,-2.84,2.83,2.79,2.65,5.28,5.28,5.28
178.54,2.44,-2.78,2.44,-2.78,2.78,2.73,2.58,5.21,5.21,5.22
180.32,2.43,-2.73,2.43,-2.72,2.72,2.67,2.50,5.15,5.15,5.16
182.13,2.43,-2.66,2.43,-2.66,2.66,2.61,2.43,5.09,5.09,5.09
183.95,2.44,-2.59,2.43,-2.59,2.59,2.55,2.35,5.03,5.03,5.03
185.79,2.44,-2.52,2.44,-2.52,2.52,2.50,2.28,4.96,4.96,4.96
187.65,2.44,-2.45,2.44,-2.45,2.46,2.44,2.22,4.90,4.90,4.89
189.52,2.44,-2.38,2.44,-2.39,2.39,2.38,2.15,4.84,4.84,4.83
191.42,2.45,-2.32,2.45,-2.32,2.33,2.32,2.08,4.77,4.77,4.77
193.33,2.45,-2.26,2.45,-2.26,2.26,2.26,2.02,4.71,4.71,4.71
195.27,2.45,-2.20,2.45,-2.20,2.20,2.21,1.96,4.65,4.65,4.65
197.22,2.45,-2.14,2.45,-2.14,2.14,2.15,1.90,4.59,4.59,4.59
199.19,2.45,-2.08,2.45,-2.08,2.08,2.09,1.84,4.53,4.53,4.53
201.18,2.45,-2.02,2.45,-2.02,2.02,2.04,1.79,4.46,4.46,4.47
203.19,2.44,-1.96,2.44,-1.96,1.96,1.98,1.73,4.40,4.40,4.40
205.23,2.44,-1.90,2.44,-1.90,1.90,1.93,1.68,4.34,4.34,4.34
207.28,2.43,-1.84,2.43,-1.84,1.84,1.87,1.63,4.27,4.27,4.27
209.35,2.43,-1.78,2.42,-1.78,1.79,1.82,1.58,4.21,4.21,4.21
211.44,2.42,-1.73,2.42,-1.73,1.73,1.76,1.53,4.15,4.15,4.15
213.56,2.41,-1.67,2.41,-1.67,1.67,1.71,1.48,4.08,4.08,4.08
215.69,2.40,-1.62,2.40,-1.62,1.62,1.65,1.43,4.01,4.01,4.01
217.85,2.38,-1.57,2.38,-1.57,1.56,1.60,1.39,3.95,3.95,3.95
220.03,2.37,-1.51,2.37,-1.51,1.51,1.55,1.34,3.88,3.88,3.88
222.23,2.37,-1.45,2.37,-1.45,1.45,1.50,1.30,3.82,3.82,3.82
224.45,2.36,-1.40,2.36,-1.40,1.40,1.45,1.26,3.75,3.75,3.76
226.70,2.35,-1.34,2.35,-1.34,1.34,1.39,1.22,3.69,3.69,3.69
228.96,2.34,-1.28,2.34,-1.28,1.28,1.34,1.18,3.62,3.62,3.63
231.25,2.34,-1.22,2.34,-1.22,1.22,1.29,1.14,3.56,3.56,3.56
233.57,2.33,-1.16,2.33,-1.16,1.16,1.24,1.10,3.50,3.50,3.49
235.90,2.32,-1.11,2.32,-1.11,1.11,1.20,1.06,3.43,3.43,3.43
238.26,2.32,-1.05,2.32,-1.05,1.05,1.15,1.02,3.37,3.37,3.37
240.64,2.31,-1.00,2.31,-1.00,1.00,1.10,0.99,3.31,3.31,3.31
243.05,2.30,-0.95,2.30,-0.95,0.95,1.05,0.95,3.25,3.25,3.25
245.48,2.29,-0.90,2.29,-0.90,0.90,1.00,0.92,3.19,3.19,3.19
247.93,2.27,-0.86,2.27,-0.86,0.86,0.96,0.88,3.13,3.13,3.13
250.41,2.26,-0.81,2.26,-0.81,0.81,0.91,0.85,3.07,3.07,3.07
252.92,2.24,-0.77,2.24,-0.77,0.77,0.87,0.82,3.01,3.01,3.01
255.45,2.23,-0.73,2.23,-0.73,0.73,0.82,0.78,2.95,2.95,2.95
258.00,2.21,-0.69,2.21,-0.69,0.68,0.78,0.75,2.89,2.89,2.89
260.58,2.19,-0.64,2.19,-0.64,0.64,0.73,0.72,2.83,2.83,2.83
263.19,2.17,-0.60,2.17,-0.60,0.60,0.69,0.69,2.77,2.77,2.77
265.82,2.15,-0.56,2.15,-0.56,0.56,0.65,0.66,2.71,2.71,2.71
268.48,2.14,-0.52,2.14,-0.52,0.52,0.61,0.62,2.66,2.66,2.65
271.16,2.12,-0.48,2.12,-0.48,0.48,0.56,0.59,2.60,2.60,2.60
273.87,2.10,-0.44,2.09,-0.44,0.45,0.52,0.56,2.54,2.54,2.54
276.61,2.07,-0.41,2.07,-0.41,0.41,0.48,0.53,2.48,2.48,2.48
279.38,2.05,-0.38,2.05,-0.38,0.38,0.44,0.50,2.42,2.42,2.43
282.17,2.02,-0.35,2.02,-0.35,0.34,0.40,0.47,2.36,2.36,2.37
284.99,2.00,-0.31,2.00,-0.31,0.31,0.36,0.45,2.30,2.30,2.31
287.84,1.97,-0.27,1.97,-0.27,0.27,0.33,0.42,2.24,2.24,2.24
290.72,1.95,-0.23,1.95,-0.23,0.24,0.29,0.39,2.19,2.19,2.18
293.63,1.92,-0.20,1.92,-0.20,0.20,0.25,0.36,2.13,2.13,2.12
296.57,1.90,-0.16,1.90,-0.16,0.17,0.22,0.33,2.07,2.07,2.07
299.53,1.88,-0.13,1.88,-0.13,0.13,0.18,0.30,2.01,2.01,2.01
302.53,1.86,-0.10,1.86,-0.10,0.10,0.14,0.27,1.95,1.95,1.96
305.55,1.84,-0.06,1.84,-0.06,0.06,0.11,0.24,1.90,1.90,1.90
308.61,1.82,-0.03,1.82,-0.03,0.03,0.08,0.21,1.85,1.85,1.85
311.69,1.80,0.01,1.80,0.01,-0.01,0.04,0.19,1.79,1.79,1.79
314.81,1.77,0.04,1.77,0.04,-0.04,0.01,0.16,1.74,1.73,1.73
317.96,1.75,0.07,1.75,0.07,-0.07,-0.02,0.13,1.68,1.68,1.68
321.14,1.72,0.11,1.72,0.11,-0.10,-0.06,0.10,1.62,1.62,1.62
324.35,1.70,0.14,1.70,0.14,-0.13,-0.09,0.07,1.56,1.56,1.56
327.59,1.67,0.16,1.67,0.16,-0.16,-0.12,0.04,1.50,1.50,1.50
330.87,1.64,0.19,1.64,0.19,-0.19,-0.15,0.01,1.45,1.45,1.45
334.18,1.61,0.22,1.61,0.22,-0.22,-0.18,-0.02,1.39,1.39,1.39
337.52,1.58,0.24,1.58,0.24,-0.24,-0.21,-0.05,1.33,1.33,1.33
340.90,1.55,0.27,1.55,0.27,-0.27,-0.24,-0.08,1.28,1.28,1.28
344.30,1.52,0.29,1.52,0.29,-0.29,-0.26,-0.11,1.22,1.22,1.22
347.75,1.48,0.31,1.48,0.31,-0.31,-0.29,-0.14,1.17,1.17,1.17
351.23,1.45,0.34,1.45,0.34,-0.34,-0.32,-0.17,1.11,1.11,1.11
354.74,1.42,0.36,1.42,0.36,-0.36,-0.34,-0.20,1.06,1.06,1.06
358.28,1.38,0.38,1.38,0.38,-0.38,-0.37,-0.23,1.01,1.01,1.01
361.87,1.35,0.39,1.35,0.39,-0.39,-0.39,-0.26,0.95,0.95,0.95
365.49,1.31,0.41,1.31,0.41,-0.41,-0.42,-0.29,0.90,0.90,0.90
369.14,1.28,0.43,1.28,0.43,-0.43,-0.44,-0.33,0.85,0.85,0.85
372.83,1.24,0.44,1.24,0.44,-0.44,-0.47,-0.36,0.80,0.80,0.80
376.56,1.20,0.46,1.20,0.46,-0.45,-0.49,-0.39,0.75,0.75,0.75
380.33,1.17,0.47,1.17,0.47,-0.47,-0.51,-0.42,0.70,0.70,0.70
384.13,1.13,0.48,1.13,0.48,-0.48,-0.53,-0.46,0.65,0.65,0.65
387.97,1.09,0.49,1.09,0.49,-0.49,-0.55,-0.49,0.60,0.60,0.60
391.85,1.05,0.50,1.05,0.50,-0.50,-0.58,-0.52,0.55,0.55,0.55
395.77,1.01,0.51,1.01,0.51,-0.51,-0.60,-0.55,0.50,0.50,0.50
399.73,0.97,0.52,0.97,0.52,-0.52,-0.61,-0.59,0.45,0.45,0.45
403.72,0.93,0.53,0.93,0.53,-0.53,-0.63,-0.62,0.40,0.40,0.40
407.76,0.90,0.54,0.90,0.54,-0.54,-0.65,-0.65,0.35,0.35,0.35
411.84,0.86,0.55,0.86,0.55,-0.55,-0.67,-0.69,0.31,0.31,0.30
415.96,0.82,0.56,0.82,0.56,-0.56,-0.69,-0.72,0.26,0.26,0.26
420.12,0.78,0.56,0.78,0.56,-0.57,-0.70,-0.75,0.21,0.21,0.21
424.32,0.74,0.57,0.74,0.57,-0.57,-0.72,-0.78,0.17,0.17,0.17
428.56,0.70,0.58,0.70,0.58,-0.58,-0.74,-0.81,0.12,0.12,0.12
432.85,0.66,0.58,0.66,0.59,-0.59,-0.75,-0.84,0.08,0.08,0.08
437.18,0.63,0.59,0.62,0.59,-0.59,-0.77,-0.87,0.03,0.03,0.03
441.55,0.59,0.60,0.59,0.60,-0.60,-0.78,-0.90,-0.01,-0.01,-0.01
445.96,0.55,0.61,0.55,0.61,-0.61,-0.80,-0.93,-0.06,-0.06,-0.06
450.42,0.52,0.61,0.52,0.61,-0.61,-0.81,-0.95,-0.10,-0.10,-0.10
454.93,0.48,0.62,0.48,0.62,-0.62,-0.82,-0.98,-0.14,-0.14,-0.14
459.48,0.45,0.63,0.45,0.63,-0.63,-0.83,-1.00,-0.18,-0.18,-0.18
464.07,0.41,0.63,0.41,0.63,-0.63,-0.84,-1.02,-0.22,-0.22,-0.22
468.71,0.38,0.64,0.38,0.64,-0.64,-0.86,-1.04,-0.26,-0.26,-0.26
473.40,0.35,0.65,0.35,0.65,-0.65,-0.87,-1.06,-0.30,-0.30,-0.30
478.13,0.31,0.65,0.31,0.65,-0.65,-0.88,-1.07,-0.34,-0.34,-0.34
482.91,0.28,0.66,0.28,0.66,-0.66,-0.89,-1.08,-0.38,-0.38,-0.38
487.74,0.25,0.67,0.25,0.67,-0.67,-0.89,-1.10,-0.42,-0.42,-0.42
492.62,0.22,0.68,0.22,0.68,-0.68,-0.90,-1.10,-0.45,-0.45,-0.45
497.55,0.20,0.69,0.20,0.69,-0.69,-0.91,-1.11,-0.49,-0.49,-0.49
502.52,0.17,0.70,0.17,0.70,-0.70,-0.92,-1.12,-0.52,-0.52,-0.53
507.55,0.15,0.71,0.15,0.71,-0.71,-0.93,-1.12,-0.56,-0.56,-0.56
512.62,0.12,0.72,0.12,0.72,-0.72,-0.93,-1.12,-0.59,-0.59,-0.59
517.75,0.10,0.73,0.10,0.73,-0.73,-0.94,-1.12,-0.63,-0.63,-0.63
522.93,0.08,0.74,0.08,0.74,-0.74,-0.94,-1.11,-0.66,-0.66,-0.66
528.16,0.06,0.75,0.06,0.75,-0.75,-0.95,-1.11,-0.69,-0.69,-0.69
533.44,0.04,0.76,0.04,0.76,-0.76,-0.95,-1.10,-0.72,-0.72,-0.72
538.77,0.02,0.78,0.02,0.78,-0.78,-0.96,-1.09,-0.75,-0.75,-0.75
544.16,0.01,0.79,0.01,0.79,-0.79,-0.96,-1.08,-0.78,-0.78,-0.78
549.60,-0.01,0.81,-0.01,0.81,-0.81,-0.96,-1.06,-0.81,-0.81,-0.81
555.10,-0.02,0.82,-0.02,0.82,-0.82,-0.97,-1.05,-0.84,-0.84,-0.84
560.65,-0.03,0.84,-0.03,0.84,-0.84,-0.97,-1.03,-0.87,-0.87,-0.87
566.25,-0.04,0.85,-0.04,0.85,-0.85,-0.97,-1.01,-0.90,-0.90,-0.90
571.92,-0.05,0.87,-0.05,0.87,-0.87,-0.97,-0.99,-0.92,-0.92,-0.93
577.64,-0.06,0.89,-0.06,0.89,-0.89,-0.97,-0.98,-0.95,-0.95,-0.95
583.41,-0.07,0.90,-0.07,0.90,-0.90,-0.97,-0.95,-0.97,-0.97,-0.97
589.25,-0.08,0.92,-0.08,0.91,-0.91,-0.97,-0.93,-1.00,-1.00,-1.00
595.14,-0.09,0.93,-0.09,0.93,-0.93,-0.97,-0.91,-1.02,-1.02,-1.02
601.09,-0.10,0.94,-0.10,0.94,-0.94,-0.97,-0.89,-1.04,-1.04,-1.04
607.10,-0.11,0.95,-0.11,0.95,-0.95,-0.96,-0.87,-1.06,-1.06,-1.06
613.17,-0.11,0.96,-0.11,0.96,-0.96,-0.96,-0.85,-1.07,-1.07,-1.07
619.30,-0.12,0.97,-0.12,0.97,-0.97,-0.96,-0.82,-1.09,-1.09,-1.09
625.50,-0.13,0.98,-0.13,0.98,-0.98,-0.95,-0.80,-1.11,-1.11,-1.11
631.75,-0.14,0.99,-0.14,0.99,-0.99,-0.95,-0.78,-1.12,-1.12,-1.12
638.07,-0.14,0.99,-0.15,0.99,-0.99,-0.95,-0.76,-1.13,-1.13,-1.14
644.45,-0.16,1.00,-0.16,1.00,-0.99,-0.94,-0.74,-1.15,-1.15,-1.15
650.89,-0.17,1.00,-0.17,1.00,-1.00,-0.93,-0.71,-1.16,-1.16,-1.16
657.40,-0.18,1.00,-0.18,1.00,-1.00,-0.93,-0.69,-1.18,-1.18,-1.18
663.98,-0.19,1.00,-0.19,1.00,-1.00,-0.92,-0.67,-1.19,-1.19,-1.19
670.62,-0.20,1.01,-0.20,1.01,-1.01,-0.91,-0.65,-1.21,-1.21,-1.21
677.32,-0.21,1.01,-0.21,1.01,-1.02,-0.91,-0.63,-1.23,-1.23,-1.22
684.10,-0.22,1.02,-0.22,1.02,-1.03,-0.90,-0.61,-1.25,-1.25,-1.24
690.94,-0.23,1.03,-0.23,1.03,-1.04,-0.89,-0.59,-1.27,-1.27,-1.26
697.85,-0.24,1.05,-0.24,1.05,-1.05,-0.88,-0.57,-1.29,-1.29,-1.29
704.83,-0.25,1.06,-0.25,1.06,-1.06,-0.87,-0.56,-1.31,-1.31,-1.31
711.87,-0.26,1.08,-0.26,1.08,-1.08,-0.86,-0.54,-1.34,-1.34,-1.34
718.99,-0.27,1.09,-0.27,1.09,-1.09,-0.85,-0.52,-1.35,-1.35,-1.36
726.18,-0.27,1.10,-0.27,1.10,-1.09,-0.84,-0.50,-1.37,-1.37,-1.37
733.44,-0.28,1.10,-0.28,1.10,-1.10,-0.83,-0.49,-1.38,-1.38,-1.38
740.78,-0.29,1.10,-0.29,1.10,-1.09,-0.81,-0.47,-1.38,-1.38,-1.39
748.19,-0.30,1.09,-0.30,1.09,-1.09,-0.80,-0.46,-1.38,-1.38,-1.38
755.67,-0.30,1.07,-0.30,1.07,-1.07,-0.79,-0.44,-1.38,-1.38,-1.37
763.23,-0.31,1.05,-0.31,1.05,-1.05,-0.77,-0.43,-1.36,-1.36,-1.36
770.86,-0.32,1.03,-0.32,1.03,-1.03,-0.76,-0.41,-1.35,-1.35,-1.35
778.57,-0.32,1.01,-0.32,1.01,-1.01,-0.74,-0.40,-1.33,-1.33,-1.33
786.35,-0.33,0.98,-0.33,0.98,-0.98,-0.73,-0.39,-1.31,-1.31,-1.31
794.22,-0.33,0.95,-0.33,0.95,-0.95,-0.71,-0.37,-1.28,-1.28,-1.28
802.16,-0.33,0.92,-0.33,0.93,-0.92,-0.69,-0.36,-1.26,-1.26,-1.26
810.18,-0.34,0.89,-0.34,0.89,-0.89,-0.68,-0.35,-1.23,-1.23,-1.23
818.28,-0.34,0.86,-0.34,0.86,-0.86,-0.66,-0.34,-1.20,-1.20,-1.20
826.46,-0.34,0.83,-0.34,0.83,-0.83,-0.64,-0.32,-1.17,-1.17,-1.17
834.73,-0.34,0.79,-0.34,0.79,-0.80,-0.62,-0.31,-1.14,-1.14,-1.14
843.08,-0.34,0.76,-0.34,0.76,-0.76,-0.60,-0.30,-1.10,-1.10,-1.10
851.51,-0.34,0.72,-0.34,0.72,-0.72,-0.58,-0.29,-1.06,-1.06,-1.06
860.02,-0.33,0.69,-0.33,0.69,-0.69,-0.56,-0.28,-1.02,-1.02,-1.02
868.62,-0.32,0.65,-0.32,0.65,-0.65,-0.54,-0.27,-0.98,-0.98,-0.97
877.31,-0.31,0.62,-0.31,0.62,-0.62,-0.52,-0.26,-0.93,-0.93,-0.93
886.08,-0.30,0.58,-0.30,0.58,-0.58,-0.50,-0.24,-0.88,-0.88,-0.88
894.94,-0.29,0.54,-0.29,0.54,-0.54,-0.47,-0.23,-0.83,-0.83,-0.83
903.89,-0.27,0.50,-0.27,0.50,-0.50,-0.45,-0.22,-0.78,-0.78,-0.78
912.93,-0.26,0.46,-0.26,0.46,-0.46,-0.42,-0.21,-0.72,-0.72,-0.72
922.06,-0.24,0.43,-0.24,0.43,-0.42,-0.40,-0.20,-0.66,-0.66,-0.66
931.28,-0.22,0.39,-0.22,0.39,-0.38,-0.37,-0.18,-0.60,-0.60,-0.60
940.59,-0.20,0.34,-0.20,0.34,-0.34,-0.35,-0.17,-0.54,-0.54,-0.54
950.00,-0.17,0.30,-0.17,0.30,-0.30,-0.32,-0.16,-0.47,-0.47,-0.47
959.50,-0.14,0.26,-0.14,0.26,-0.26,-0.29,-0.14,-0.41,-0.41,-0.40
969.09,-0.11,0.22,-0.11,0.22,-0.22,-0.26,-0.13,-0.33,-0.33,-0.33
978.78,-0.08,0.18,-0.08,0.18,-0.18,-0.23,-0.11,-0.26,-0.26,-0.26
988.57,-0.04,0.14,-0.04,0.14,-0.14,-0.20,-0.10,-0.18,-0.18,-0.18
998.46,-0.01,0.10,-0.01,0.10,-0.10,-0.17,-0.08,-0.11,-0.11,-0.11
1008.44,0.03,0.06,0.03,0.06,-0.06,-0.14,-0.07,-0.03,-0.03,-0.03
1018.53,0.08,0.02,0.08,0.02,-0.02,-0.11,-0.05,0.06,0.06,0.06
1028.71,0.12,-0.02,0.12,-0.02,0.02,-0.08,-0.03,0.14,0.14,0.14
1039.00,0.17,-0.06,0.17,-0.06,0.06,-0.04,-0.01,0.22,0.22,0.22
1049.39,0.21,-0.10,0.21,-0.10,0.10,-0.01,0.00,0.31,0.31,0.31
1059.88,0.26,-0.13,0.26,-0.13,0.13,0.02,0.02,0.40,0.40,0.40
1070.48,0.31,-0.17,0.31,-0.17,0.17,0.06,0.04,0.49,0.49,0.49
1081.19,0.37,-0.21,0.37,-0.21,0.21,0.10,0.06,0.58,0.58,0.58
1092.00,0.42,-0.25,0.42,-0.25,0.25,0.13,0.09,0.67,0.67,0.67
1102.92,0.47,-0.29,0.47,-0.29,0.29,0.17,0.11,0.76,0.76,0.76
1113.95,0.53,-0.32,0.53,-0.32,0.32,0.21,0.13,0.85,0.85,0.85
1125.09,0.58,-0.36,0.58,-0.36,0.36,0.25,0.15,0.94,0.94,0.94
1136.34,0.64,-0.40,0.64,-0.40,0.39,0.29,0.18,1.03,1.03,1.03
1147.70,0.69,-0.43,0.69,-0.43,0.43,0.33,0.20,1.12,1.12,1.12
1159.18,0.75,-0.47,0.75,-0.47,0.47,0.38,0.23,1.21,1.21,1.22
1170.77,0.81,-0.50,0.81,-0.50,0.50,0.42,0.25,1.31,1.31,1.31
1182.48,0.86,-0.54,0.86,-0.54,0.54,0.46,0.28,1.40,1.40,1.40
1194.30,0.92,-0.58,0.92,-0.57,0.58,0.51,0.31,1.49,1.49,1.49
1206.25,0.97,-0.61,0.97,-0.61,0.62,0.55,0.33,1.59,1.59,1.59
1218.31,1.03,-0.66,1.03,-0.66,0.66,0.60,0.36,1.69,1.69,1.68
1230.49,1.08,-0.70,1.08,-0.70,0.71,0.65,0.39,1.79,1.79,1.78
1242.80,1.13,-0.75,1.13,-0.75,0.76,0.70,0.42,1.89,1.89,1.88
1255.22,1.19,-0.81,1.19,-0.81,0.81,0.75,0.45,1.99,1.99,1.99
1267.78,1.24,-0.86,1.24,-0.86,0.86,0.80,0.48,2.10,2.10,2.10
1280.45,1.29,-0.92,1.29,-0.92,0.92,0.85,0.51,2.21,2.21,2.21
1293.26,1.34,-0.98,1.34,-0.98,0.98,0.90,0.54,2.31,2.31,2.32
1306.19,1.39,-1.03,1.39,-1.03,1.03,0.95,0.58,2.42,2.42,2.42
1319.25,1.44,-1.09,1.44,-1.09,1.09,1.01,0.61,2.53,2.53,2.53
1332.45,1.49,-1.14,1.49,-1.14,1.14,1.06,0.64,2.63,2.63,2.63
1345.77,1.54,-1.19,1.54,-1.19,1.19,1.12,0.68,2.73,2.73,2.73
1359.23,1.59,-1.24,1.59,-1.24,1.24,1.17,0.71,2.83,2.83,2.83
1372.82,1.64,-1.29,1.64,-1.29,1.29,1.23,0.75,2.93,2.93,2.93
1386.55,1.68,-1.34,1.68,-1.34,1.34,1.29,0.79,3.02,3.02,3.02
1400.41,1.73,-1.39,1.73,-1.39,1.39,1.34,0.83,3.12,3.12,3.12
1414.42,1.78,-1.43,1.78,-1.43,1.44,1.40,0.86,3.22,3.22,3.22
1428.56,1.83,-1.48,1.83,-1.48,1.48,1.46,0.90,3.31,3.31,3.31
1442.85,1.88,-1.53,1.88,-1.53,1.53,1.52,0.94,3.41,3.41,3.41
1457.28,1.93,-1.58,1.93,-1.58,1.58,1.58,0.98,3.50,3.50,3.50
1471.85,1.98,-1.62,1.98,-1.62,1.62,1.64,1.02,3.60,3.60,3.60
1486.57,2.03,-1.67,2.03,-1.67,1.67,1.69,1.07,3.70,3.70,3.70
1501.43,2.08,-1.72,2.08,-1.72,1.72,1.75,1.11,3.80,3.80,3.80
1516.45,2.14,-1.76,2.14,-1.76,1.77,1.81,1.15,3.90,3.90,3.90
1531.61,2.19,-1.81,2.19,-1.81,1.81,1.86,1.20,4.00,4.00,4.00
1546.93,2.24,-1.86,2.24,-1.86,1.86,1.92,1.24,4.11,4.11,4.10
1562.40,2.30,-1.91,2.30,-1.91,1.91,1.97,1.29,4.21,4.21,4.21
1578.02,2.36,-1.96,2.36,-1.96,1.96,2.02,1.33,4.32,4.32,4.31
1593.80,2.42,-2.00,2.42,-2.00,2.00,2.07,1.38,4.42,4.42,4.42
1609.74,2.48,-2.05,2.48,-2.05,2.05,2.12,1.42,4.53,4.53,4.53
1625.84,2.54,-2.09,2.54,-2.09,2.09,2.17,1.47,4.64,4.64,4.64
1642.10,2.61,-2.14,2.61,-2.14,2.14,2.21,1.51,4.74,4.74,4.74
1658.52,2.68,-2.18,2.67,-2.18,2.18,2.25,1.56,4.85,4.85,4.85
1675.10,2.75,-2.22,2.75,-2.21,2.21,2.28,1.60,4.96,4.96,4.96
1691.85,2.82,-2.25,2.82,-2.25,2.25,2.32,1.65,5.07,5.07,5.07
1708.77,2.90,-2.28,2.90,-2.28,2.28,2.35,1.69,5.18,5.18,5.18
1725.86,2.99,-2.30,2.99,-2.30,2.30,2.37,1.73,5.29,5.29,5.29
1743.12,3.07,-2.32,3.07,-2.32,2.32,2.39,1.77,5.40,5.40,5.40
1760.55,3.17,-2.34,3.17,-2.34,2.34,2.41,1.81,5.51,5.51,5.51
1778.15,3.26,-2.36,3.26,-2.36,2.36,2.41,1.84,5.62,5.62,5.61
1795.94,3.35,-2.37,3.35,-2.37,2.37,2.42,1.88,5.72,5.72,5.72
1813.90,3.45,-2.38,3.45,-2.38,2.38,2.42,1.91,5.83,5.83,5.83
1832.03,3.55,-2.38,3.55,-2.38,2.39,2.41,1.94,5.93,5.93,5.93
1850.36,3.64,-2.39,3.64,-2.39,2.39,2.40,1.96,6.03,6.03,6.03
1868.86,3.74,-2.39,3.74,-2.39,2.39,2.39,1.99,6.13,6.13,6.13
1887.55,3.84,-2.38,3.84,-2.38,2.38,2.36,2.01,6.23,6.23,6.23
1906.42,3.95,-2.37,3.95,-2.37,2.37,2.33,2.02,6.32,6.32,6.32
1925.49,4.05,-2.36,4.05,-2.35,2.35,2.30,2.03,6.40,6.40,6.41
1944.74,4.16,-2.33,4.16,-2.33,2.33,2.26,2.04,6.49,6.49,6.49
1964.19,4.26,-2.30,4.26,-2.30,2.30,2.21,2.04,6.56,6.56,6.56
1983.83,4.37,-2.26,4.37,-2.26,2.26,2.16,2.04,6.64,6.64,6.64
2003.67,4.49,-2.22,4.49,-2.22,2.22,2.10,2.04,6.70,6.70,6.70
2023.71,4.60,-2.16,4.60,-2.16,2.16,2.04,2.03,6.76,6.76,6.77
2043.94,4.72,-2.10,4.72,-2.10,2.10,1.97,2.01,6.82,6.82,6.82
2064.38,4.84,-2.03,4.84,-2.03,2.03,1.89,2.00,6.87,6.87,6.87
2085.03,4.96,-1.95,4.96,-1.95,1.95,1.81,1.97,6.91,6.91,6.91
2105.88,5.08,-1.86,5.08,-1.87,1.86,1.73,1.95,6.94,6.94,6.94
2126.94,5.20,-1.77,5.20,-1.77,1.77,1.64,1.92,6.97,6.97,6.97
2148.20,5.32,-1.67,5.32,-1.67,1.67,1.55,1.88,6.99,6.99,6.99
2169.69,5.44,-1.56,5.44,-1.56,1.56,1.45,1.84,7.00,7.00,7.00
2191.38,5.56,-1.45,5.56,-1.45,1.45,1.35,1.80,7.01,7.01,7.01
2213.30,5.68,-1.32,5.68,-1.32,1.32,1.24,1.76,7.00,7.00,7.00
2235.43,5.79,-1.20,5.79,-1.20,1.19,1.14,1.71,6.99,6.99,6.99
2257.78,5.91,-1.06,5.91,-1.06,1.06,1.02,1.66,6.96,6.96,6.97
2280.36,6.02,-0.92,6.02,-0.92,0.92,0.91,1.61,6.93,6.93,6.94
2303.17,6.12,-0.78,6.12,-0.77,0.77,0.79,1.56,6.89,6.89,6.90
2326.20,6.23,-0.62,6.23,-0.62,0.62,0.67,1.50,6.85,6.85,6.85
2349.46,6.32,-0.47,6.32,-0.47,0.48,0.55,1.44,6.80,6.80,6.80
2372.95,6.42,-0.33,6.42,-0.33,0.33,0.43,1.39,6.75,6.75,6.74
2396.68,6.50,-0.19,6.50,-0.19,0.19,0.31,1.33,6.69,6.69,6.69
2420.65,6.58,-0.05,6.58,-0.06,0.06,0.19,1.27,6.64,6.64,6.64
2444.86,6.66,0.06,6.66,0.07,-0.06,0.07,1.20,6.60,6.60,6.59
2469.31,6.72,0.18,6.72,0.18,-0.17,-0.04,1.14,6.56,6.56,6.54
2494.00,6.78,0.27,6.78,0.27,-0.26,-0.15,1.08,6.52,6.52,6.51
2518.94,6.83,0.35,6.83,0.36,-0.34,-0.26,1.02,6.48,6.49,6.47
2544.13,6.87,0.43,6.87,0.42,-0.42,-0.35,0.95,6.45,6.45,6.45
2569.57,6.90,0.48,6.90,0.48,-0.48,-0.44,0.89,6.42,6.42,6.42
2595.27,6.92,0.53,6.92,0.53,-0.54,-0.52,0.83,6.38,6.38,6.39
2621.22,6.94,0.58,6.94,0.58,-0.60,-0.60,0.76,6.34,6.34,6.36
2647.43,6.94,0.64,6.94,0.64,-0.66,-0.66,0.70,6.28,6.28,6.30
2673.90,6.93,0.70,6.93,0.70,-0.71,-0.71,0.64,6.22,6.22,6.23
2700.64,6.91,0.76,6.91,0.76,-0.77,-0.75,0.58,6.15,6.15,6.16
2727.65,6.89,0.82,6.89,0.82,-0.82,-0.78,0.51,6.07,6.07,6.07
2754.93,6.85,0.87,6.85,0.87,-0.86,-0.80,0.45,5.99,5.99,5.98
2782.48,6.81,0.90,6.81,0.90,-0.89,-0.81,0.39,5.92,5.92,5.90
2810.30,6.75,0.92,6.75,0.92,-0.90,-0.81,0.33,5.85,5.85,5.83
2838.40,6.69,0.91,6.69,0.91,-0.90,-0.80,0.27,5.79,5.79,5.78
2866.79,6.62,0.89,6.62,0.89,-0.87,-0.78,0.21,5.75,5.75,5.74
2895.46,6.55,0.84,6.55,0.84,-0.83,-0.76,0.15,5.72,5.72,5.71
2924.41,6.47,0.78,6.47,0.78,-0.76,-0.73,0.09,5.71,5.71,5.69
2953.65,6.39,0.70,6.39,0.70,-0.69,-0.69,0.02,5.70,5.70,5.69
2983.19,6.30,0.60,6.30,0.60,-0.60,-0.66,-0.04,5.70,5.70,5.70
3013.02,6.22,0.51,6.22,0.51,-0.51,-0.62,-0.09,5.70,5.70,5.71
3043.15,6.13,0.42,6.13,0.42,-0.43,-0.58,-0.15,5.70,5.70,5.71
3073.58,6.05,0.34,6.05,0.34,-0.35,-0.54,-0.21,5.69,5.69,5.71
3104.32,5.97,0.27,5.97,0.28,-0.30,-0.50,-0.27,5.68,5.68,5.70
3135.36,5.91,0.24,5.91,0.24,-0.25,-0.47,-0.33,5.65,5.65,5.67
3166.72,5.85,0.22,5.85,0.22,-0.23,-0.43,-0.39,5.62,5.62,5.63
3198.38,5.80,0.22,5.80,0.22,-0.23,-0.40,-0.45,5.57,5.57,5.59
3230.37,5.77,0.24,5.77,0.24,-0.25,-0.37,-0.51,5.52,5.52,5.53
3262.67,5.75,0.27,5.75,0.27,-0.28,-0.35,-0.56,5.47,5.47,5.47
3295.30,5.73,0.32,5.73,0.32,-0.32,-0.33,-0.62,5.41,5.41,5.41
3328.25,5.72,0.37,5.72,0.37,-0.36,-0.31,-0.68,5.36,5.36,5.35
3361.53,5.71,0.42,5.71,0.42,-0.41,-0.30,-0.73,5.30,5.30,5.29
3395.15,5.70,0.46,5.70,0.46,-0.45,-0.29,-0.79,5.25,5.25,5.24
3429.10,5.69,0.50,5.69,0.50,-0.48,-0.28,-0.84,5.21,5.21,5.19
3463.39,5.68,0.52,5.68,0.52,-0.51,-0.29,-0.89,5.16,5.16,5.15
3498.03,5.66,0.54,5.66,0.54,-0.53,-0.29,-0.95,5.13,5.13,5.12
3533.01,5.65,0.55,5.65,0.55,-0.55,-0.30,-1.00,5.11,5.11,5.10
3568.34,5.65,0.56,5.65,0.56,-0.56,-0.31,-1.05,5.09,5.09,5.09
3604.02,5.64,0.56,5.64,0.56,-0.56,-0.33,-1.10,5.08,5.08,5.08
3640.06,5.65,0.56,5.65,0.56,-0.57,-0.35,-1.15,5.08,5.08,5.08
3676.46,5.65,0.57,5.65,0.57,-0.57,-0.38,-1.19,5.08,5.08,5.09
3713.22,5.67,0.58,5.67,0.58,-0.58,-0.41,-1.24,5.08,5.08,5.09
3750.36,5.68,0.59,5.69,0.59,-0.60,-0.44,-1.28,5.09,5.09,5.10
3787.86,5.71,0.61,5.71,0.61,-0.61,-0.48,-1.32,5.10,5.10,5.10
3825.74,5.74,0.63,5.74,0.63,-0.63,-0.52,-1.36,5.11,5.11,5.11
3864.00,5.78,0.65,5.78,0.65,-0.65,-0.56,-1.40,5.13,5.13,5.13
3902.64,5.82,0.67,5.82,0.67,-0.67,-0.61,-1.44,5.16,5.15,5.15
3941.66,5.88,0.69,5.88,0.69,-0.68,-0.66,-1.47,5.19,5.19,5.18
3981.08,5.94,0.71,5.94,0.71,-0.70,-0.72,-1.50,5.24,5.24,5.24
4020.89,6.02,0.72,6.02,0.72,-0.71,-0.78,-1.53,5.31,5.31,5.31
4061.10,6.11,0.72,6.12,0.72,-0.71,-0.84,-1.56,5.40,5.40,5.39
4101.71,6.23,0.73,6.23,0.73,-0.72,-0.90,-1.58,5.51,5.51,5.50
4142.73,6.36,0.73,6.36,0.73,-0.73,-0.97,-1.61,5.64,5.63,5.63
4184.15,6.51,0.73,6.51,0.73,-0.73,-1.04,-1.63,5.78,5.78,5.78
4226.00,6.69,0.75,6.69,0.75,-0.75,-1.11,-1.65,5.94,5.94,5.94
4268.26,6.89,0.77,6.89,0.77,-0.77,-1.18,-1.67,6.12,6.12,6.12
4310.94,7.10,0.80,7.11,0.80,-0.80,-1.26,-1.68,6.30,6.31,6.31
4354.05,7.35,0.84,7.35,0.84,-0.84,-1.34,-1.70,6.51,6.51,6.51
4397.59,7.62,0.90,7.62,0.90,-0.91,-1.42,-1.71,6.72,6.71,6.72
4441.56,7.91,0.97,7.91,0.98,-0.98,-1.51,-1.73,6.92,6.93,6.93
4485.98,8.22,1.07,8.22,1.07,-1.08,-1.59,-1.74,7.14,7.14,7.15
4530.84,8.54,1.18,8.54,1.18,-1.20,-1.68,-1.75,7.34,7.34,7.36
4576.15,8.88,1.32,8.89,1.32,-1.34,-1.77,-1.77,7.54,7.55,7.57
4621.91,9.23,1.47,9.23,1.47,-1.50,-1.86,-1.78,7.74,7.74,7.76
4668.13,9.58,1.64,9.58,1.64,-1.66,-1.95,-1.79,7.92,7.92,7.94
4714.81,9.92,1.83,9.93,1.83,-1.83,-2.05,-1.80,8.10,8.10,8.10
4761.96,10.25,2.01,10.25,2.02,-1.99,-2.14,-1.82,8.26,8.26,8.23
4809.58,10.53,2.19,10.53,2.19,-2.13,-2.24,-1.83,8.40,8.39,8.34
4857.67,10.76,2.35,10.75,2.34,-2.27,-2.33,-1.84,8.49,8.48,8.41
4906.25,10.89,2.46,10.89,2.45,-2.39,-2.43,-1.86,8.50,8.50,8.43
4955.31,10.98,2.55,10.97,2.54,-2.52,-2.53,-1.88,8.46,8.45,8.43
5004.87,11.01,2.61,11.01,2.62,-2.66,-2.63,-1.90,8.34,8.34,8.39
5054.91,11.02,2.72,11.03,2.72,-2.83,-2.72,-1.92,8.20,8.21,8.31
5105.46,11.07,2.88,11.08,2.89,-3.01,-2.82,-1.94,8.06,8.07,8.19
5156.52,11.15,3.11,11.15,3.12,-3.21,-2.91,-1.96,7.93,7.94,8.04
5208.08,11.25,3.40,11.24,3.39,-3.43,-3.01,-1.98,7.82,7.81,7.85
5260.16,11.30,3.68,11.30,3.67,-3.64,-3.10,-2.01,7.66,7.66,7.62
5312.77,11.30,3.93,11.29,3.92,-3.84,-3.19,-2.04,7.47,7.45,7.38
5365.89,11.21,4.10,11.20,4.09,-4.00,-3.27,-2.07,7.21,7.19,7.10
5419.55,11.02,4.20,11.01,4.20,-4.12,-3.36,-2.11,6.90,6.90,6.82
5473.75,10.75,4.23,10.75,4.23,-4.18,-3.43,-2.14,6.57,6.57,6.52
5528.49,10.42,4.21,10.41,4.20,-4.18,-3.51,-2.18,6.25,6.24,6.22
5583.77,10.04,4.13,10.03,4.12,-4.13,-3.57,-2.22,5.91,5.91,5.91
5639.61,9.62,4.02,9.62,4.02,-4.04,-3.62,-2.26,5.59,5.59,5.60
5696.00,9.20,3.91,9.20,3.90,-3.92,-3.66,-2.31,5.28,5.28,5.29
5752.96,8.77,3.78,8.78,3.77,-3.79,-3.70,-2.36,4.98,4.98,5.00
5810.49,8.35,3.65,8.36,3.65,-3.66,-3.71,-2.41,4.69,4.70,4.70
5868.60,7.95,3.53,7.97,3.53,-3.54,-3.71,-2.46,4.41,4.43,4.42
5927.28,7.57,3.41,7.59,3.42,-3.42,-3.68,-2.52,4.15,4.17,4.16
5986.56,7.21,3.30,7.25,3.31,-3.32,-3.64,-2.58,3.89,3.93,3.91
6046.42,6.88,3.21,6.94,3.23,-3.23,-3.56,-2.64,3.66,3.71,3.68
6106.89,6.58,3.12,6.67,3.15,-3.15,-3.48,-2.70,3.43,3.52,3.46
6167.96,6.31,3.04,6.44,3.10,-3.10,-3.35,-2.77,3.22,3.35,3.27
6229.64,6.07,2.97,6.26,3.06,-3.06,-3.22,-2.84,3.01,3.20,3.10
6291.93,5.87,2.91,6.13,3.04,-3.04,-3.10,-2.92,2.82,3.09,2.96
6354.85,5.71,2.86,6.05,3.05,-3.05,-2.99,-2.99,2.65,3.00,2.85
6418.40,5.57,2.82,6.04,3.09,-3.09,-2.97,-3.07,2.47,2.95,2.75
6482.58,5.47,2.78,6.09,3.15,-3.16,-2.98,-3.15,2.31,2.93,2.69
6547.41,5.42,2.76,6.21,3.25,-3.27,-3.13,-3.23,2.15,2.95,2.66
6612.88,5.39,2.74,6.40,3.38,-3.40,-3.31,-3.32,1.99,3.00,2.65
6679.01,5.42,2.73,6.66,3.55,-3.57,-3.58,-3.41,1.84,3.09,2.69
6745.80,5.49,2.72,6.97,3.75,-3.77,-3.87,-3.49,1.72,3.20,2.77
6813.26,5.60,2.72,7.32,3.97,-3.99,-4.16,-3.58,1.61,3.33,2.87
6881.39,5.77,2.74,7.70,4.22,-4.23,-4.44,-3.67,1.54,3.47,3.03
6950.21,6.00,2.76,8.07,4.48,-4.48,-4.68,-3.76,1.52,3.59,3.23
7019.71,6.28,2.80,8.42,4.73,-4.73,-4.91,-3.84,1.55,3.70,3.48
7089.91,6.63,2.85,8.73,4.98,-4.96,-5.08,-3.93,1.66,3.77,3.78
7160.81,7.07,2.93,8.97,5.20,-5.18,-5.25,-4.02,1.89,3.79,4.14
7232.41,7.58,3.02,9.14,5.39,-5.37,-5.36,-4.09,2.21,3.77,4.56
7304.74,8.16,3.14,9.23,5.54,-5.53,-5.46,-4.17,2.63,3.71,5.02
7377.79,8.85,3.30,9.25,5.66,-5.65,-5.52,-4.24,3.20,3.61,5.55
7451.56,9.60,3.50,9.20,5.74,-5.72,-5.57,-4.31,3.88,3.48,6.11
7526.08,10.40,3.73,9.08,5.77,-5.76,-5.58,-4.37,4.65,3.33,6.67
7601.34,11.23,3.99,8.91,5.77,-5.75,-5.58,-4.43,5.48,3.16,7.24
7677.35,12.00,4.28,8.69,5.72,-5.70,-5.55,-4.47,6.30,2.99,7.72
7754.13,12.73,4.58,8.44,5.63,-5.62,-5.51,-4.51,7.11,2.81,8.16
7831.67,13.22,4.85,8.15,5.52,-5.51,-5.44,-4.53,7.71,2.64,8.37
7909.98,13.56,5.09,7.85,5.37,-5.38,-5.36,-4.55,8.18,2.47,8.47
7989.08,13.67,5.29,7.55,5.22,-5.23,-5.24,-4.55,8.44,2.31,8.38
8068.98,13.41,5.39,7.24,5.05,-5.07,-5.13,-4.55,8.34,2.17,8.02
8149.67,12.96,5.45,6.94,4.88,-4.90,-4.97,-4.52,8.05,2.04,7.51
8231.16,12.27,5.45,6.65,4.71,-4.73,-4.82,-4.50,7.54,1.92,6.82
8313.47,11.39,5.41,6.37,4.53,-4.55,-4.62,-4.46,6.84,1.83,5.99
8396.61,10.44,5.35,6.11,4.36,-4.36,-4.42,-4.41,6.08,1.75,5.09
8480.57,9.43,5.30,5.84,4.16,-4.16,-4.18,-4.35,5.27,1.68,4.13
8565.38,8.44,5.28,5.58,3.96,-3.94,-3.94,-4.28,4.50,1.64,3.16
8651.03,7.50,5.29,5.31,3.72,-3.70,-3.67,-4.20,3.80,1.61,2.21
8737.54,6.63,5.33,5.04,3.47,-3.44,-3.39,-4.12,3.19,1.60,1.30
8824.92,5.88,5.42,4.76,3.18,-3.16,-3.07,-4.03,2.72,1.61,0.45
8913.17,5.25,5.57,4.48,2.87,-2.85,-2.75,-3.93,2.40,1.63,-0.32
9002.30,4.67,5.74,4.19,2.53,-2.52,-2.41,-3.83,2.15,1.67,-1.07
9092.32,4.25,5.97,3.91,2.18,-2.18,-2.07,-3.73,2.07,1.73,-1.72
9183.25,3.93,6.26,3.63,1.82,-1.83,-1.73,-3.62,2.11,1.80,-2.32
9275.08,3.71,6.59,3.35,1.46,-1.47,-1.39,-3.51,2.23,1.88,-2.88
9367.83,3.59,6.98,3.09,1.11,-1.12,-1.07,-3.40,2.47,1.97,-3.39
9461.51,3.62,7.46,2.84,0.77,-0.76,-0.76,-3.29,2.86,2.08,-3.84
9556.12,3.77,8.01,2.61,0.44,-0.42,-0.52,-3.19,3.35,2.19,-4.24
9651.68,4.05,8.65,2.38,0.12,-0.09,-0.29,-3.08,3.96,2.29,-4.60
9748.20,4.45,9.36,2.17,-0.17,0.20,-0.17,-2.97,4.64,2.37,-4.92
9845.68,5.01,10.19,1.97,-0.46,0.45,-0.05,-2.86,5.46,2.42,-5.17
9944.14,5.65,11.04,1.77,-0.72,0.66,-0.05,-2.76,6.30,2.43,-5.39
10043.58,6.32,11.86,1.58,-0.97,0.82,-0.07,-2.66,7.13,2.40,-5.55
10144.02,6.98,12.65,1.38,-0.98,0.93,-0.17,-2.56,7.91,2.31,-5.67
10245.46,7.44,13.15,1.17,-1.00,1.01,-0.29,-2.47,8.45,2.18,-5.71
10347.91,7.70,13.42,0.96,-1.01,1.05,-0.45,-2.38,8.75,2.01,-5.71
10451.39,7.70,13.36,0.75,-1.01,1.06,-0.62,-2.29,8.77,1.81,-5.66
10555.91,7.25,12.76,0.54,-1.02,1.05,-0.81,-2.20,8.30,1.59,-5.51
10661.46,6.50,11.78,0.32,-1.02,1.03,-0.99,-2.12,7.53,1.35,-5.29
10768.08,5.48,10.46,0.10,-1.01,1.01,-1.16,-2.05,6.49,1.11,-4.98
10875.76,4.15,8.69,-0.12,-1.00,1.00,-1.33,-1.97,5.15,0.89,-4.54
10984.52,2.66,6.61,-0.34,-0.99,0.99,-1.48,-1.90,3.65,0.65,-3.95
11094.36,1.11,4.34,-0.56,-0.97,0.97,-1.63,-1.83,2.08,0.41,-3.23
11205.31,-0.47,1.88,-0.78,-0.95,0.95,-1.74,-1.77,0.48,0.17,-2.35
11317.36,-1.98,-0.70,-1.01,-0.93,0.93,-1.85,-1.71,-1.05,-0.08,-1.28
11430.53,-3.43,-3.28,-1.24,-0.90,0.90,-1.94,-1.65,-2.53,-0.33,-0.15
11544.84,-4.73,-5.73,-1.47,-0.87,0.87,-2.02,-1.59,-3.86,-0.60,0.99
11660.29,-5.93,-8.02,-1.70,-0.84,0.84,-2.08,-1.54,-5.10,-0.86,2.09
11776.89,-7.06,-10.14,-1.93,-0.80,0.80,-2.13,-1.50,-6.26,-1.13,3.08
11894.66,-7.99,-11.65,-2.17,-0.76,0.76,-2.16,-1.45,-7.24,-1.41,3.66
12013.60,-8.90,-13.06,-2.40,-0.71,0.71,-2.19,-1.41,-8.19,-1.69,4.17
12133.74,-9.71,-14.08,-2.64,-0.66,0.66,-2.20,-1.37,-9.05,-1.98,4.38
12255.08,-10.42,-14.64,-2.88,-0.61,0.61,-2.21,-1.34,-9.81,-2.28,4.22
12377.63,-11.07,-14.92,-3.12,-0.55,0.55,-2.21,-1.31,-10.52,-2.58,3.85
12501.41,-11.65,-14.93,-3.37,-0.49,0.49,-2.20,-1.28,-11.16,-2.88,3.28
12626.42,-12.15,-14.64,-3.61,-0.42,0.42,-2.19,-1.26,-11.73,-3.19,2.49
12752.68,-12.59,-14.21,-3.86,-0.35,0.35,-2.17,-1.23,-12.24,-3.51,1.62
12880.21,-12.94,-13.69,-4.11,-0.28,0.28,-2.14,-1.22,-12.66,-3.83,0.75
13009.01,-13.26,-13.15,-4.36,-0.20,0.20,-2.11,-1.20,-13.05,-4.16,-0.11
13139.10,-13.57,-12.61,-4.62,-0.12,0.12,-2.07,-1.19,-13.45,-4.49,-0.96
13270.49,-13.77,-12.16,-4.87,-0.04,0.04,-2.03,-1.19,-13.73,-4.83,-1.61
13403.20,-13.94,-11.76,-5.13,0.05,-0.05,-1.99,-1.18,-13.99,-5.17,-2.18
13537.23,-14.03,-11.52,-5.39,0.14,-0.14,-1.95,-1.18,-14.17,-5.52,-2.51
13672.60,-14.07,-11.37,-5.65,0.23,-0.23,-1.90,-1.19,-14.30,-5.88,-2.70
13809.33,-14.05,-11.31,-5.91,0.33,-0.33,-1.85,-1.20,-14.39,-6.24,-2.75
13947.42,-13.93,-11.39,-6.17,0.44,-0.44,-1.80,-1.22,-14.37,-6.61,-2.54
14086.90,-13.70,-11.53,-6.44,0.54,-0.54,-1.75,-1.23,-14.24,-6.98,-2.16
14227.77,-13.39,-11.71,-6.70,0.65,-0.65,-1.70,-1.26,-14.04,-7.36,-1.68
14370.04,-12.97,-11.85,-6.97,0.77,-0.77,-1.64,-1.29,-13.74,-7.74,-1.12
14513.74,-12.41,-11.91,-7.24,0.88,-0.88,-1.59,-1.32,-13.29,-8.13,-0.50
14658.88,-11.62,-11.67,-7.52,1.01,-1.01,-1.53,-1.36,-12.63,-8.52,0.05
14805.47,-10.75,-11.22,-7.79,1.13,-1.13,-1.48,-1.40,-11.88,-8.92,0.48
14953.52,-9.71,-10.42,-8.07,1.26,-1.26,-1.42,-1.44,-10.97,-9.33,0.71
15103.06,-8.61,-9.26,-8.35,1.39,-1.39,-1.36,-1.48,-10.00,-9.74,0.65
15254.09,-7.48,-7.92,-8.63,1.53,-1.53,-1.31,-1.52,-9.01,-10.15,0.44
15406.63,-6.53,-6.43,-8.91,1.67,-1.67,-1.25,-1.56,-8.20,-10.58,-0.10
15560.70,-5.77,-5.09,-9.19,1.81,-1.81,-1.20,-1.59,-7.58,-11.00,-0.68
15716.30,-5.30,-3.97,-9.48,1.96,-1.96,-1.14,-1.61,-7.26,-11.44,-1.33
15873.47,-5.33,-3.43,-9.76,2.11,-2.11,-1.09,-1.62,-7.45,-11.87,-1.90
16032.20,-5.63,-3.19,-10.05,2.27,-2.27,-1.03,-1.61,-7.89,-12.32,-2.44
16192.52,-6.37,-3.46,-10.34,2.43,-2.43,-0.98,-1.58,-8.80,-12.77,-2.91
16354.45,-7.29,-3.77,-10.63,2.59,-2.59,-0.93,-1.53,-9.88,-13.22,-3.52
16517.99,-8.29,-4.04,-10.93,2.76,-2.76,-0.87,-1.46,-11.05,-13.68,-4.26
16683.17,-9.18,-3.77,-11.23,2.93,-2.93,-0.82,-1.38,-12.11,-14.15,-5.42
16850.01,-9.79,-2.88,-11.52,3.10,-3.10,-0.77,-1.28,-12.89,-14.62,-6.91
17018.51,-10.15,-1.48,-11.82,3.28,-3.28,-0.72,-1.18,-13.43,-15.10,-8.67
17188.69,-10.01,0.82,-12.12,3.46,-3.46,-0.68,-1.07,-13.47,-15.58,-10.84
17360.58,-9.67,3.52,-12.43,3.64,-3.64,-0.63,-0.97,-13.31,-16.07,-13.19
17534.18,-9.20,6.47,-12.73,3.83,-3.83,-0.58,-0.86,-13.03,-16.57,-15.67
17709.53,-8.73,9.52,-13.04,4.03,-4.03,-0.54,-0.77,-12.76,-17.06,-18.26
17886.62,-8.50,12.32,-13.35,4.22,-4.22,-0.49,-0.67,-12.72,-17.57,-20.82
18065.49,-8.49,14.83,-13.66,4.42,-4.42,-0.45,-0.59,-12.91,-18.08,-23.32
18246.14,-8.76,16.96,-13.97,4.63,-4.63,-0.41,-0.51,-13.39,-18.60,-25.72
18428.60,-9.47,18.40,-14.28,4.83,-4.83,-0.37,-0.45,-14.31,-19.12,-27.87
18612.89,-10.41,19.43,-14.60,5.05,-5.05,-0.34,-0.38,-15.46,-19.65,-29.84
18799.02,-11.53,20.09,-14.92,5.26,-5.26,-0.30,-0.33,-16.79,-20.18,-31.62
18987.01,-12.79,20.41,-15.24,5.48,-5.48,-0.27,-0.28,-18.27,-20.72,-33.20
19176.88,-14.09,20.50,-15.56,5.70,-5.70,-0.24,-0.24,-19.80,-21.26,-34.59
19368.65,-15.36,20.51,-15.88,5.93,-5.93,-0.21,-0.20,-21.29,-21.81,-35.87
19562.33,-16.56,20.47,-16.21,6.16,-6.16,-0.18,-0.17,-22.72,-22.37,-37.03
19757.96,-17.65,20.41,-16.53,6.39,-6.39,-0.15,-0.13,-24.05,-22.93,-38.06
19955.54,-18.75,20.35,-16.86,6.63,-6.63,-0.12,-0.10,-25.38,-23.49,-39.09
