frequency,raw,error,smoothed,error_smoothed,equalization,parametric_eq,fixed_band_eq,equalized_raw,equalized_smoothed,target
20.00,5.14,-3.50,5.14,-3.50,3.51,3.39,1.52,8.65,8.65,8.64
20.20,5.15,-3.49,5.15,-3.49,3.49,3.39,1.57,8.64,8.63,8.63
20.40,5.15,-3.48,5.15,-3.48,3.47,3.39,1.61,8.62,8.62,8.63
20.61,5.16,-3.46,5.16,-3.46,3.45,3.39,1.66,8.61,8.61,8.62
20.81,5.17,-3.44,5.17,-3.44,3.43,3.39,1.71,8.60,8.60,8.61
21.02,5.18,-3.42,5.18,-3.42,3.41,3.39,1.76,8.59,8.59,8.60
21.23,5.19,-3.40,5.19,-3.40,3.40,3.39,1.81,8.59,8.59,8.59
21.44,5.20,-3.38,5.20,-3.38,3.38,3.39,1.87,8.59,8.59,8.59
21.66,5.21,-3.37,5.21,-3.37,3.37,3.39,1.92,8.58,8.58,8.58
21.87,5.22,-3.35,5.22,-3.35,3.35,3.38,1.98,8.58,8.58,8.58
22.09,5.23,-3.34,5.23,-3.34,3.34,3.38,2.04,8.57,8.57,8.57
22.31,5.24,-3.33,5.24,-3.33,3.33,3.38,2.10,8.57,8.57,8.57
22.54,5.24,-3.33,5.24,-3.33,3.33,3.38,2.16,8.57,8.57,8.57
22.76,5.24,-3.33,5.24,-3.33,3.33,3.38,2.22,8.57,8.57,8.57
22.99,5.24,-3.33,5.24,-3.33,3.33,3.38,2.29,8.57,8.57,8.56
23.22,5.23,-3.33,5.23,-3.33,3.34,3.38,2.35,8.57,8.57,8.57
23.45,5.22,-3.34,5.22,-3.34,3.34,3.38,2.42,8.57,8.57,8.57
23.69,5.22,-3.35,5.22,-3.35,3.35,3.38,2.49,8.57,8.57,8.57
23.92,5.21,-3.36,5.21,-3.36,3.36,3.38,2.56,8.57,8.57,8.57
24.16,5.20,-3.37,5.21,-3.37,3.36,3.38,2.63,8.57,8.57,8.57
24.40,5.20,-3.37,5.20,-3.37,3.37,3.38,2.70,8.57,8.57,8.57
24.65,5.20,-3.38,5.20,-3.38,3.38,3.38,2.78,8.57,8.57,8.57
24.89,5.19,-3.38,5.19,-3.38,3.38,3.38,2.85,8.58,8.58,8.57
25.14,5.19,-3.39,5.19,-3.39,3.39,3.38,2.93,8.58,8.58,8.57
25.39,5.18,-3.39,5.18,-3.40,3.40,3.39,3.00,8.58,8.58,8.57
25.65,5.16,-3.41,5.16,-3.41,3.41,3.39,3.08,8.58,8.58,8.57
25.91,5.15,-3.42,5.15,-3.42,3.43,3.39,3.15,8.57,8.57,8.57
26.16,5.13,-3.44,5.13,-3.44,3.44,3.40,3.23,8.57,8.57,8.57
26.43,5.11,-3.46,5.11,-3.46,3.46,3.41,3.30,8.57,8.57,8.57
26.69,5.10,-3.47,5.10,-3.47,3.47,3.41,3.38,8.57,8.57,8.57
26.96,5.09,-3.49,5.09,-3.49,3.49,3.42,3.45,8.57,8.57,8.58
27.23,5.09,-3.50,5.09,-3.50,3.50,3.43,3.52,8.58,8.58,8.59
27.50,5.09,-3.51,5.09,-3.51,3.51,3.45,3.59,8.60,8.60,8.60
27.77,5.10,-3.52,5.10,-3.52,3.51,3.46,3.65,8.61,8.61,8.62
28.05,5.11,-3.52,5.11,-3.52,3.52,3.48,3.72,8.63,8.63,8.63
28.33,5.12,-3.52,5.12,-3.52,3.52,3.50,3.78,8.64,8.64,8.64
28.62,5.13,-3.52,5.12,-3.52,3.53,3.52,3.83,8.65,8.65,8.65
28.90,5.12,-3.53,5.12,-3.53,3.54,3.54,3.88,8.66,8.66,8.65
29.19,5.10,-3.54,5.11,-3.54,3.55,3.56,3.93,8.66,8.66,8.65
29.48,5.08,-3.55,5.08,-3.55,3.57,3.58,3.97,8.65,8.65,8.64
29.78,5.05,-3.57,5.05,-3.57,3.59,3.60,4.01,8.64,8.64,8.63
30.08,5.01,-3.60,5.01,-3.60,3.61,3.61,4.04,8.62,8.62,8.61
30.38,4.98,-3.62,4.97,-3.62,3.62,3.61,4.07,8.60,8.60,8.60
30.68,4.94,-3.64,4.94,-3.64,3.63,3.60,4.09,8.57,8.57,8.58
30.99,4.91,-3.65,4.91,-3.65,3.62,3.59,4.10,8.54,8.54,8.56
31.30,4.90,-3.64,4.90,-3.64,3.60,3.56,4.11,8.50,8.50,8.54
31.61,4.91,-3.60,4.91,-3.60,3.57,3.53,4.11,8.47,8.48,8.51
31.93,4.93,-3.54,4.94,-3.54,3.52,3.50,4.11,8.45,8.46,8.47
32.24,4.98,-3.47,4.98,-3.46,3.47,3.47,4.10,8.44,8.44,8.44
32.57,5.02,-3.39,5.02,-3.39,3.41,3.44,4.08,8.43,8.43,8.41
32.89,5.06,-3.32,5.06,-3.33,3.36,3.42,4.06,8.42,8.42,8.38
33.22,5.08,-3.28,5.08,-3.28,3.32,3.39,4.03,8.40,8.40,8.36
33.55,5.08,-3.26,5.07,-3.26,3.29,3.37,4.00,8.37,8.36,8.33
33.89,5.05,-3.26,5.05,-3.26,3.26,3.34,3.96,8.31,8.31,8.30
34.23,5.01,-3.26,5.01,-3.26,3.25,3.30,3.92,8.26,8.26,8.27
34.57,4.97,-3.26,4.98,-3.26,3.23,3.27,3.87,8.20,8.20,8.23
34.92,4.95,-3.24,4.95,-3.24,3.21,3.23,3.83,8.16,8.16,8.19
35.27,4.94,-3.21,4.94,-3.20,3.18,3.20,3.77,8.12,8.13,8.15
35.62,4.94,-3.16,4.94,-3.16,3.15,3.16,3.72,8.10,8.10,8.10
35.97,4.95,-3.11,4.95,-3.11,3.12,3.12,3.66,8.07,8.07,8.06
36.33,4.95,-3.07,4.95,-3.07,3.08,3.09,3.60,8.04,8.04,8.02
36.70,4.95,-3.03,4.95,-3.03,3.05,3.05,3.54,8.00,8.00,7.98
37.06,4.93,-3.00,4.93,-3.01,3.02,3.02,3.48,7.95,7.95,7.94
37.43,4.91,-2.98,4.91,-2.98,2.99,2.98,3.42,7.90,7.90,7.89
37.81,4.88,-2.97,4.88,-2.97,2.97,2.95,3.36,7.85,7.85,7.85
38.19,4.85,-2.95,4.85,-2.95,2.95,2.92,3.30,7.81,7.81,7.81
38.57,4.83,-2.94,4.83,-2.94,2.93,2.89,3.24,7.76,7.76,7.77
38.95,4.80,-2.92,4.80,-2.92,2.91,2.86,3.18,7.71,7.71,7.72
39.34,4.77,-2.90,4.77,-2.90,2.89,2.83,3.11,7.66,7.66,7.67
39.74,4.75,-2.87,4.75,-2.87,2.87,2.81,3.06,7.62,7.62,7.62
40.14,4.73,-2.84,4.73,-2.84,2.84,2.78,3.00,7.57,7.57,7.57
40.54,4.71,-2.80,4.71,-2.80,2.81,2.75,2.94,7.53,7.53,7.51
40.94,4.69,-2.77,4.69,-2.78,2.79,2.73,2.89,7.48,7.48,7.47
41.35,4.67,-2.75,4.67,-2.75,2.76,2.70,2.83,7.43,7.43,7.42
41.76,4.65,-2.73,4.65,-2.73,2.73,2.68,2.78,7.37,7.37,7.38
42.18,4.63,-2.70,4.63,-2.70,2.69,2.65,2.73,7.32,7.32,7.34
42.60,4.62,-2.67,4.62,-2.67,2.66,2.63,2.68,7.28,7.28,7.29
43.03,4.62,-2.63,4.62,-2.63,2.62,2.60,2.64,7.24,7.24,7.24
43.46,4.62,-2.58,4.62,-2.58,2.58,2.58,2.59,7.20,7.20,7.20
43.90,4.62,-2.53,4.62,-2.53,2.54,2.55,2.55,7.15,7.15,7.15
44.33,4.61,-2.49,4.61,-2.49,2.49,2.53,2.51,7.11,7.11,7.10
44.78,4.60,-2.45,4.60,-2.45,2.46,2.51,2.47,7.05,7.05,7.05
45.23,4.58,-2.41,4.58,-2.41,2.42,2.48,2.43,7.00,7.00,6.99
45.68,4.56,-2.38,4.56,-2.38,2.39,2.46,2.40,6.95,6.95,6.94
46.13,4.53,-2.36,4.53,-2.36,2.36,2.44,2.36,6.89,6.89,6.89
46.60,4.50,-2.34,4.50,-2.34,2.34,2.41,2.33,6.84,6.84,6.84
47.06,4.47,-2.32,4.47,-2.32,2.32,2.39,2.31,6.79,6.79,6.79
47.53,4.44,-2.30,4.44,-2.30,2.30,2.37,2.28,6.74,6.74,6.74
48.01,4.41,-2.28,4.41,-2.28,2.28,2.34,2.25,6.69,6.69,6.69
48.49,4.38,-2.26,4.38,-2.26,2.26,2.32,2.23,6.63,6.63,6.64
48.97,4.35,-2.24,4.35,-2.24,2.23,2.29,2.21,6.58,6.58,6.59
49.46,4.33,-2.21,4.33,-2.21,2.20,2.27,2.19,6.53,6.54,6.54
49.96,4.31,-2.18,4.31,-2.18,2.18,2.25,2.17,6.49,6.49,6.49
50.46,4.30,-2.15,4.30,-2.15,2.15,2.22,2.15,6.45,6.45,6.45
50.96,4.28,-2.12,4.28,-2.12,2.13,2.20,2.13,6.41,6.41,6.40
51.47,4.27,-2.09,4.26,-2.09,2.10,2.18,2.12,6.37,6.37,6.36
51.99,4.24,-2.07,4.24,-2.07,2.08,2.15,2.10,6.32,6.32,6.31
52.51,4.21,-2.06,4.21,-2.06,2.05,2.13,2.09,6.27,6.27,6.27
53.03,4.18,-2.04,4.18,-2.04,2.03,2.11,2.08,6.21,6.21,6.22
53.56,4.16,-2.02,4.16,-2.02,2.01,2.08,2.06,6.16,6.17,6.17
54.10,4.14,-1.99,4.14,-1.99,1.98,2.06,2.05,6.12,6.12,6.13
54.64,4.12,-1.96,4.12,-1.96,1.96,2.03,2.04,6.08,6.08,6.08
55.18,4.10,-1.93,4.10,-1.93,1.94,2.01,2.03,6.04,6.04,6.04
55.74,4.08,-1.91,4.08,-1.91,1.91,1.99,2.02,6.00,6.00,5.99
56.29,4.06,-1.89,4.06,-1.89,1.89,1.96,2.01,5.95,5.95,5.95
56.86,4.04,-1.87,4.04,-1.87,1.87,1.94,1.99,5.91,5.91,5.90
57.42,4.01,-1.85,4.01,-1.85,1.85,1.92,1.98,5.86,5.86,5.86
58.00,3.98,-1.84,3.98,-1.83,1.83,1.89,1.97,5.82,5.82,5.82
58.58,3.95,-1.82,3.95,-1.82,1.82,1.87,1.95,5.77,5.77,5.77
59.16,3.92,-1.80,3.92,-1.80,1.80,1.85,1.94,5.72,5.72,5.72
59.76,3.89,-1.78,3.89,-1.78,1.78,1.82,1.92,5.68,5.68,5.67
60.35,3.86,-1.77,3.86,-1.77,1.77,1.80,1.91,5.63,5.63,5.63
60.96,3.83,-1.75,3.83,-1.75,1.75,1.78,1.89,5.58,5.58,5.58
61.57,3.80,-1.73,3.80,-1.73,1.73,1.75,1.87,5.53,5.53,5.53
62.18,3.78,-1.71,3.78,-1.71,1.71,1.73,1.85,5.49,5.49,5.49
62.80,3.75,-1.69,3.75,-1.69,1.69,1.71,1.83,5.45,5.45,5.45
63.43,3.73,-1.67,3.73,-1.67,1.68,1.68,1.80,5.41,5.41,5.41
64.07,3.71,-1.65,3.71,-1.66,1.66,1.66,1.78,5.37,5.37,5.36
64.71,3.68,-1.64,3.68,-1.64,1.64,1.64,1.75,5.33,5.33,5.32
65.35,3.66,-1.62,3.65,-1.62,1.63,1.62,1.72,5.28,5.28,5.28
66.01,3.62,-1.61,3.62,-1.61,1.61,1.59,1.69,5.24,5.24,5.24
66.67,3.59,-1.60,3.59,-1.60,1.60,1.57,1.66,5.19,5.19,5.19
67.33,3.56,-1.58,3.56,-1.58,1.58,1.55,1.63,5.14,5.14,5.15
68.01,3.54,-1.57,3.54,-1.56,1.55,1.53,1.60,5.09,5.09,5.10
68.69,3.51,-1.54,3.51,-1.54,1.53,1.51,1.56,5.04,5.04,5.05
69.37,3.48,-1.50,3.48,-1.50,1.50,1.48,1.53,4.98,4.98,4.99
70.07,3.46,-1.47,3.46,-1.47,1.47,1.46,1.49,4.93,4.93,4.92
70.77,3.43,-1.43,3.43,-1.43,1.44,1.44,1.46,4.87,4.87,4.86
71.48,3.40,-1.40,3.40,-1.40,1.40,1.42,1.42,4.81,4.81,4.80
72.19,3.37,-1.37,3.37,-1.37,1.37,1.40,1.38,4.75,4.75,4.74
72.91,3.35,-1.34,3.35,-1.34,1.34,1.38,1.34,4.69,4.69,4.69
73.64,3.32,-1.31,3.32,-1.32,1.31,1.36,1.30,4.63,4.63,4.64
74.38,3.29,-1.29,3.29,-1.29,1.29,1.33,1.27,4.58,4.58,4.58
75.12,3.26,-1.26,3.26,-1.26,1.26,1.31,1.23,4.53,4.53,4.53
75.87,3.23,-1.24,3.23,-1.24,1.24,1.29,1.19,4.48,4.48,4.47
76.63,3.20,-1.22,3.20,-1.22,1.22,1.27,1.15,4.43,4.43,4.42
77.40,3.17,-1.21,3.17,-1.21,1.21,1.25,1.11,4.37,4.37,4.37
78.17,3.13,-1.19,3.13,-1.19,1.19,1.23,1.07,4.32,4.33,4.32
78.95,3.09,-1.18,3.10,-1.18,1.18,1.21,1.03,4.28,4.28,4.28
79.74,3.06,-1.17,3.06,-1.17,1.17,1.19,0.99,4.23,4.23,4.23
80.54,3.03,-1.16,3.03,-1.16,1.16,1.16,0.96,4.18,4.18,4.19
81.35,2.99,-1.15,2.99,-1.15,1.14,1.14,0.92,4.14,4.14,4.14
82.16,2.96,-1.13,2.96,-1.13,1.13,1.12,0.88,4.09,4.09,4.09
82.98,2.93,-1.11,2.93,-1.11,1.11,1.10,0.85,4.04,4.04,4.05
83.81,2.91,-1.09,2.91,-1.09,1.09,1.07,0.81,4.00,4.00,4.00
84.65,2.88,-1.07,2.88,-1.07,1.07,1.05,0.77,3.95,3.95,3.94
85.50,2.85,-1.04,2.85,-1.04,1.04,1.02,0.74,3.89,3.89,3.89
86.35,2.82,-1.02,2.82,-1.02,1.02,1.00,0.70,3.84,3.84,3.84
87.22,2.79,-0.99,2.79,-0.99,0.99,0.97,0.67,3.78,3.78,3.78
88.09,2.76,-0.97,2.76,-0.96,0.96,0.95,0.63,3.72,3.72,3.73
88.97,2.73,-0.93,2.73,-0.93,0.93,0.92,0.60,3.66,3.66,3.66
89.86,2.70,-0.89,2.70,-0.89,0.90,0.89,0.57,3.60,3.60,3.59
90.76,2.67,-0.86,2.67,-0.86,0.86,0.86,0.54,3.54,3.54,3.53
91.66,2.64,-0.82,2.64,-0.82,0.83,0.83,0.50,3.48,3.48,3.47
92.58,2.62,-0.79,2.62,-0.79,0.80,0.80,0.47,3.41,3.42,3.41
93.51,2.59,-0.76,2.59,-0.77,0.76,0.77,0.44,3.35,3.35,3.35
94.44,2.56,-0.74,2.56,-0.74,0.73,0.74,0.41,3.29,3.29,3.30
95.39,2.54,-0.71,2.54,-0.70,0.69,0.71,0.38,3.23,3.23,3.24
96.34,2.51,-0.67,2.51,-0.67,0.66,0.68,0.35,3.17,3.17,3.18
97.30,2.49,-0.62,2.49,-0.62,0.62,0.64,0.32,3.11,3.11,3.11
98.28,2.46,-0.58,2.46,-0.58,0.59,0.61,0.29,3.05,3.05,3.04
99.26,2.44,-0.54,2.44,-0.54,0.55,0.57,0.26,2.99,2.99,2.98
100.25,2.41,-0.51,2.41,-0.51,0.51,0.53,0.23,2.93,2.93,2.93
101.25,2.39,-0.48,2.39,-0.48,0.48,0.50,0.21,2.86,2.86,2.87
102.27,2.36,-0.45,2.36,-0.45,0.45,0.46,0.18,2.80,2.80,2.80
103.29,2.33,-0.41,2.33,-0.41,0.41,0.42,0.15,2.74,2.74,2.74
104.32,2.30,-0.38,2.29,-0.38,0.38,0.38,0.12,2.68,2.68,2.67
105.37,2.26,-0.35,2.26,-0.35,0.35,0.34,0.10,2.61,2.61,2.61
106.42,2.23,-0.32,2.23,-0.32,0.32,0.30,0.07,2.55,2.55,2.55
107.48,2.20,-0.29,2.20,-0.29,0.28,0.26,0.05,2.48,2.48,2.49
108.56,2.17,-0.25,2.17,-0.25,0.25,0.22,0.02,2.41,2.41,2.42
109.64,2.14,-0.21,2.14,-0.21,0.21,0.18,-0.00,2.35,2.35,2.36
110.74,2.12,-0.17,2.12,-0.17,0.17,0.14,-0.03,2.29,2.29,2.29
111.85,2.09,-0.13,2.09,-0.13,0.13,0.10,-0.05,2.23,2.23,2.22
112.97,2.07,-0.09,2.07,-0.09,0.10,0.06,-0.07,2.17,2.17,2.16
114.10,2.04,-0.05,2.04,-0.06,0.07,0.02,-0.10,2.11,2.10,2.09
115.24,2.00,-0.03,2.00,-0.03,0.04,-0.02,-0.12,2.04,2.04,2.03
116.39,1.95,-0.01,1.95,-0.01,0.02,-0.06,-0.14,1.97,1.97,1.96
117.55,1.90,0.00,1.90,0.00,-0.01,-0.10,-0.16,1.89,1.89,1.89
118.73,1.85,0.02,1.85,0.02,-0.03,-0.14,-0.18,1.82,1.82,1.83
119.92,1.81,0.05,1.82,0.05,-0.06,-0.18,-0.20,1.75,1.75,1.77
121.12,1.79,0.08,1.79,0.08,-0.10,-0.21,-0.22,1.69,1.69,1.71
122.33,1.78,0.13,1.78,0.13,-0.14,-0.25,-0.24,1.64,1.64,1.65
123.55,1.77,0.18,1.77,0.18,-0.18,-0.29,-0.25,1.59,1.59,1.59
124.79,1.76,0.23,1.76,0.23,-0.22,-0.33,-0.27,1.54,1.54,1.53
126.03,1.74,0.28,1.74,0.28,-0.27,-0.36,-0.29,1.48,1.48,1.46
127.29,1.72,0.32,1.72,0.32,-0.31,-0.40,-0.30,1.41,1.41,1.40
128.57,1.69,0.35,1.69,0.35,-0.35,-0.44,-0.32,1.34,1.34,1.34
129.85,1.66,0.39,1.66,0.39,-0.38,-0.47,-0.33,1.28,1.28,1.27
131.15,1.63,0.42,1.63,0.42,-0.42,-0.51,-0.34,1.21,1.21,1.21
132.46,1.60,0.45,1.60,0.45,-0.45,-0.54,-0.36,1.15,1.15,1.15
133.79,1.57,0.47,1.57,0.48,-0.48,-0.57,-0.37,1.09,1.09,1.10
135.12,1.55,0.51,1.55,0.51,-0.51,-0.60,-0.38,1.04,1.04,1.04
136.48,1.53,0.54,1.53,0.54,-0.55,-0.64,-0.40,0.98,0.98,0.98
137.84,1.51,0.58,1.51,0.58,-0.58,-0.67,-0.41,0.92,0.92,0.93
139.22,1.49,0.62,1.49,0.62,-0.62,-0.70,-0.42,0.87,0.87,0.86
140.61,1.47,0.66,1.47,0.66,-0.66,-0.73,-0.43,0.81,0.81,0.81
142.02,1.45,0.70,1.45,0.70,-0.70,-0.76,-0.44,0.75,0.75,0.75
143.44,1.44,0.74,1.44,0.74,-0.75,-0.79,-0.45,0.69,0.69,0.70
144.87,1.43,0.79,1.43,0.79,-0.79,-0.81,-0.46,0.64,0.64,0.64
146.32,1.42,0.83,1.42,0.83,-0.84,-0.84,-0.48,0.58,0.58,0.58
147.78,1.41,0.88,1.41,0.88,-0.88,-0.87,-0.49,0.53,0.53,0.53
149.26,1.40,0.93,1.40,0.93,-0.92,-0.89,-0.50,0.48,0.48,0.47
150.75,1.39,0.97,1.39,0.97,-0.96,-0.92,-0.51,0.43,0.43,0.42
152.26,1.38,1.01,1.38,1.01,-1.00,-0.94,-0.52,0.38,0.38,0.37
153.78,1.36,1.04,1.37,1.04,-1.04,-0.96,-0.54,0.33,0.33,0.33
155.32,1.35,1.07,1.35,1.07,-1.07,-0.99,-0.55,0.28,0.28,0.28
156.88,1.33,1.10,1.33,1.10,-1.10,-1.01,-0.56,0.23,0.23,0.23
158.44,1.31,1.13,1.31,1.13,-1.13,-1.03,-0.57,0.18,0.18,0.18
160.03,1.29,1.16,1.29,1.16,-1.16,-1.05,-0.59,0.13,0.13,0.13
161.63,1.27,1.19,1.27,1.19,-1.19,-1.07,-0.60,0.09,0.09,0.09
163.24,1.25,1.21,1.25,1.21,-1.21,-1.09,-0.62,0.04,0.04,0.04
164.88,1.23,1.23,1.23,1.23,-1.23,-1.11,-0.63,-0.01,-0.01,-0.00
166.53,1.20,1.25,1.20,1.25,-1.25,-1.13,-0.65,-0.05,-0.05,-0.05
168.19,1.18,1.27,1.18,1.27,-1.28,-1.14,-0.66,-0.09,-0.09,-0.09
169.87,1.16,1.30,1.16,1.30,-1.30,-1.16,-0.68,-0.14,-0.14,-0.14
171.57,1.13,1.31,1.13,1.32,-1.31,-1.18,-0.70,-0.18,-0.18,-0.18
173.29,1.11,1.33,1.11,1.33,-1.33,-1.19,-0.72,-0.22,-0.22,-0.22
175.02,1.09,1.35,1.09,1.35,-1.35,-1.21,-0.74,-0.26,-0.26,-0.26
176.77,1.07,1.36,1.07,1.37,-1.37,-1.22,-0.75,-0.30,-0.30,-0.30
178.54,1.05,1.38,1.05,1.38,-1.38,-1.24,-0.78,-0.34,-0.34,-0.34
180.32,1.02,1.40,1.02,1.40,-1.40,-1.25,-0.80,-0.38,-0.38,-0.37
182.13,1.00,1.41,1.00,1.41,-1.42,-1.26,-0.82,-0.41,-0.41,-0.41
183.95,0.98,1.43,0.98,1.43,-1.43,-1.27,-0.84,-0.45,-0.45,-0.45
185.79,0.96,1.45,0.96,1.45,-1.44,-1.28,-0.86,-0.48,-0.48,-0.49
187.65,0.94,1.46,0.94,1.46,-1.45,-1.29,-0.88,-0.51,-0.51,-0.52
189.52,0.92,1.47,0.92,1.47,-1.46,-1.30,-0.91,-0.54,-0.54,-0.55
191.42,0.90,1.47,0.90,1.47,-1.47,-1.31,-0.93,-0.57,-0.57,-0.57
193.33,0.88,1.48,0.88,1.48,-1.48,-1.32,-0.96,-0.60,-0.60,-0.59
195.27,0.86,1.48,0.86,1.48,-1.49,-1.33,-0.98,-0.63,-0.63,-0.62
197.22,0.85,1.49,0.85,1.49,-1.50,-1.34,-1.01,-0.65,-0.65,-0.65
199.19,0.83,1.51,0.83,1.50,-1.50,-1.35,-1.03,-0.68,-0.68,-0.68
201.18,0.81,1.51,0.81,1.51,-1.51,-1.35,-1.06,-0.70,-0.70,-0.70
203.19,0.79,1.51,0.79,1.51,-1.51,-1.36,-1.08,-0.72,-0.72,-0.73
205.23,0.76,1.51,0.76,1.51,-1.51,-1.36,-1.11,-0.75,-0.75,-0.75
207.28,0.74,1.51,0.74,1.51,-1.51,-1.37,-1.14,-0.77,-0.77,-0.77
209.35,0.72,1.50,0.72,1.50,-1.50,-1.37,-1.16,-0.79,-0.79,-0.78
211.44,0.70,1.50,0.70,1.50,-1.50,-1.38,-1.19,-0.80,-0.80,-0.80
213.56,0.67,1.50,0.67,1.49,-1.49,-1.38,-1.21,-0.82,-0.82,-0.82
215.69,0.65,1.49,0.65,1.49,-1.49,-1.38,-1.24,-0.84,-0.84,-0.84
217.85,0.63,1.48,0.63,1.48,-1.48,-1.39,-1.26,-0.85,-0.85,-0.85
220.03,0.60,1.47,0.60,1.47,-1.48,-1.39,-1.29,-0.87,-0.87,-0.86
222.23,0.58,1.47,0.58,1.47,-1.47,-1.39,-1.31,-0.89,-0.89,-0.89
224.45,0.56,1.47,0.56,1.46,-1.46,-1.39,-1.33,-0.90,-0.90,-0.91
226.70,0.54,1.46,0.54,1.46,-1.45,-1.39,-1.35,-0.91,-0.91,-0.92
228.96,0.52,1.45,0.52,1.44,-1.44,-1.39,-1.37,-0.92,-0.92,-0.93
231.25,0.50,1.43,0.50,1.43,-1.43,-1.39,-1.39,-0.93,-0.93,-0.93
233.57,0.48,1.42,0.48,1.42,-1.42,-1.39,-1.41,-0.94,-0.94,-0.94
235.90,0.46,1.41,0.46,1.41,-1.41,-1.39,-1.42,-0.95,-0.95,-0.95
238.26,0.44,1.40,0.44,1.40,-1.40,-1.39,-1.43,-0.96,-0.96,-0.96
240.64,0.42,1.38,0.42,1.38,-1.38,-1.39,-1.44,-0.97,-0.97,-0.97
243.05,0.40,1.37,0.40,1.37,-1.37,-1.39,-1.45,-0.97,-0.97,-0.98
245.48,0.38,1.35,0.38,1.36,-1.36,-1.38,-1.46,-0.98,-0.98,-0.98
247.93,0.36,1.34,0.36,1.34,-1.34,-1.38,-1.46,-0.98,-0.98,-0.98
250.41,0.34,1.33,0.34,1.33,-1.32,-1.38,-1.47,-0.99,-0.99,-1.00
252.92,0.32,1.31,0.32,1.31,-1.31,-1.37,-1.47,-0.99,-0.99,-0.99
255.45,0.30,1.29,0.30,1.29,-1.29,-1.37,-1.47,-1.00,-1.00,-0.99
258.00,0.27,1.27,0.27,1.27,-1.27,-1.37,-1.46,-1.00,-1.00,-1.00
260.58,0.25,1.25,0.25,1.25,-1.25,-1.36,-1.46,-1.00,-1.00,-1.00
263.19,0.23,1.23,0.23,1.24,-1.23,-1.36,-1.45,-1.00,-1.00,-1.00
265.82,0.21,1.22,0.21,1.22,-1.21,-1.35,-1.44,-1.00,-1.00,-1.01
268.48,0.19,1.20,0.19,1.20,-1.19,-1.35,-1.43,-1.00,-1.00,-1.01
271.16,0.17,1.17,0.17,1.17,-1.17,-1.34,-1.41,-1.00,-1.00,-1.00
273.87,0.15,1.15,0.15,1.15,-1.15,-1.34,-1.40,-1.01,-1.01,-1.00
276.61,0.12,1.13,0.12,1.13,-1.13,-1.33,-1.38,-1.01,-1.01,-1.01
279.38,0.10,1.11,0.10,1.11,-1.11,-1.32,-1.37,-1.01,-1.01,-1.01
282.17,0.08,1.09,0.08,1.09,-1.09,-1.32,-1.35,-1.01,-1.01,-1.01
284.99,0.06,1.07,0.06,1.07,-1.07,-1.31,-1.33,-1.01,-1.01,-1.01
287.84,0.03,1.05,0.03,1.05,-1.05,-1.30,-1.31,-1.02,-1.02,-1.02
290.72,0.01,1.04,0.01,1.03,-1.03,-1.30,-1.29,-1.02,-1.02,-1.03
293.63,-0.01,1.01,-0.01,1.01,-1.00,-1.29,-1.27,-1.02,-1.02,-1.03
296.57,-0.04,0.98,-0.04,0.98,-0.98,-1.28,-1.25,-1.02,-1.02,-1.02
299.53,-0.06,0.95,-0.06,0.95,-0.96,-1.27,-1.23,-1.02,-1.02,-1.01
302.53,-0.09,0.93,-0.09,0.93,-0.93,-1.26,-1.20,-1.02,-1.02,-1.02
305.55,-0.11,0.91,-0.11,0.91,-0.91,-1.26,-1.18,-1.02,-1.02,-1.02
308.61,-0.14,0.89,-0.14,0.89,-0.88,-1.25,-1.16,-1.02,-1.02,-1.03
311.69,-0.16,0.87,-0.16,0.87,-0.87,-1.24,-1.14,-1.03,-1.03,-1.03
314.81,-0.18,0.85,-0.18,0.85,-0.86,-1.23,-1.12,-1.04,-1.03,-1.03
317.96,-0.19,0.85,-0.19,0.85,-0.86,-1.22,-1.10,-1.04,-1.04,-1.04
321.14,-0.19,0.85,-0.19,0.85,-0.86,-1.21,-1.08,-1.05,-1.05,-1.04
324.35,-0.18,0.87,-0.18,0.87,-0.88,-1.20,-1.06,-1.06,-1.06,-1.05
327.59,-0.16,0.89,-0.16,0.89,-0.91,-1.19,-1.04,-1.07,-1.07,-1.05
330.87,-0.13,0.93,-0.13,0.93,-0.94,-1.18,-1.02,-1.07,-1.07,-1.06
334.18,-0.10,0.97,-0.10,0.97,-0.97,-1.17,-1.00,-1.07,-1.07,-1.07
337.52,-0.07,1.01,-0.07,1.01,-1.01,-1.16,-0.98,-1.07,-1.07,-1.08
340.90,-0.04,1.05,-0.04,1.05,-1.04,-1.16,-0.96,-1.08,-1.08,-1.09
344.30,-0.02,1.09,-0.02,1.08,-1.07,-1.15,-0.95,-1.09,-1.09,-1.11
347.75,-0.01,1.10,-0.01,1.10,-1.09,-1.14,-0.93,-1.10,-1.10,-1.11
351.23,-0.01,1.10,-0.01,1.11,-1.10,-1.12,-0.92,-1.11,-1.11,-1.11
354.74,-0.02,1.11,-0.02,1.10,-1.11,-1.11,-0.90,-1.13,-1.13,-1.13
358.28,-0.04,1.10,-0.04,1.10,-1.11,-1.10,-0.89,-1.14,-1.14,-1.14
361.87,-0.05,1.09,-0.05,1.10,-1.10,-1.09,-0.87,-1.15,-1.15,-1.15
365.49,-0.07,1.09,-0.07,1.09,-1.09,-1.08,-0.86,-1.17,-1.17,-1.17
369.14,-0.10,1.08,-0.10,1.08,-1.08,-1.07,-0.85,-1.18,-1.18,-1.18
372.83,-0.12,1.07,-0.12,1.07,-1.07,-1.06,-0.84,-1.19,-1.19,-1.19
376.56,-0.14,1.06,-0.14,1.06,-1.06,-1.05,-0.83,-1.20,-1.20,-1.20
380.33,-0.16,1.06,-0.16,1.05,-1.06,-1.04,-0.82,-1.21,-1.21,-1.21
384.13,-0.18,1.04,-0.18,1.04,-1.05,-1.03,-0.81,-1.23,-1.23,-1.22
387.97,-0.20,1.03,-0.20,1.04,-1.04,-1.02,-0.80,-1.24,-1.24,-1.24
391.85,-0.22,1.03,-0.22,1.03,-1.04,-1.01,-0.79,-1.26,-1.26,-1.25
395.77,-0.24,1.03,-0.24,1.03,-1.03,-1.00,-0.79,-1.27,-1.27,-1.27
399.73,-0.26,1.04,-0.26,1.03,-1.03,-0.99,-0.78,-1.29,-1.29,-1.30
403.72,-0.28,1.03,-0.28,1.03,-1.03,-0.97,-0.77,-1.31,-1.31,-1.31
407.76,-0.30,1.03,-0.30,1.03,-1.02,-0.96,-0.77,-1.33,-1.33,-1.33
411.84,-0.32,1.02,-0.32,1.02,-1.02,-0.95,-0.76,-1.34,-1.34,-1.34
415.96,-0.34,1.02,-0.34,1.02,-1.02,-0.94,-0.76,-1.36,-1.36,-1.36
420.12,-0.36,1.02,-0.36,1.02,-1.02,-0.93,-0.75,-1.38,-1.38,-1.38
424.32,-0.38,1.02,-0.38,1.02,-1.02,-0.92,-0.75,-1.40,-1.40,-1.39
428.56,-0.39,1.02,-0.39,1.02,-1.02,-0.91,-0.74,-1.42,-1.42,-1.42
432.85,-0.41,1.03,-0.41,1.02,-1.02,-0.90,-0.74,-1.44,-1.44,-1.44
437.18,-0.43,1.02,-0.43,1.03,-1.02,-0.88,-0.74,-1.45,-1.45,-1.46
441.55,-0.45,1.02,-0.45,1.02,-1.02,-0.87,-0.73,-1.47,-1.47,-1.47
445.96,-0.47,1.02,-0.47,1.02,-1.02,-0.86,-0.73,-1.49,-1.49,-1.49
450.42,-0.49,1.02,-0.49,1.02,-1.02,-0.85,-0.72,-1.50,-1.50,-1.50
454.93,-0.50,1.01,-0.50,1.01,-1.01,-0.84,-0.72,-1.52,-1.52,-1.51
459.48,-0.52,1.01,-0.52,1.01,-1.01,-0.82,-0.72,-1.53,-1.53,-1.54
464.07,-0.54,1.01,-0.54,1.00,-1.00,-0.81,-0.71,-1.54,-1.54,-1.55
468.71,-0.55,0.99,-0.55,1.00,-1.00,-0.80,-0.71,-1.55,-1.55,-1.55
473.40,-0.57,0.98,-0.57,0.99,-0.99,-0.79,-0.70,-1.56,-1.56,-1.55
478.13,-0.59,0.98,-0.59,0.98,-0.98,-0.77,-0.70,-1.57,-1.57,-1.57
482.91,-0.61,0.97,-0.61,0.97,-0.97,-0.76,-0.69,-1.58,-1.58,-1.58
487.74,-0.62,0.96,-0.62,0.96,-0.96,-0.75,-0.69,-1.58,-1.58,-1.58
492.62,-0.64,0.95,-0.64,0.95,-0.95,-0.73,-0.68,-1.59,-1.59,-1.59
497.55,-0.66,0.94,-0.66,0.94,-0.94,-0.72,-0.67,-1.59,-1.59,-1.59
502.52,-0.67,0.92,-0.67,0.92,-0.92,-0.71,-0.67,-1.59,-1.59,-1.60
507.55,-0.69,0.90,-0.69,0.91,-0.91,-0.69,-0.66,-1.59,-1.59,-1.59
512.62,-0.71,0.88,-0.71,0.89,-0.89,-0.68,-0.65,-1.59,-1.59,-1.59
517.75,-0.72,0.86,-0.72,0.86,-0.86,-0.66,-0.64,-1.59,-1.59,-1.59
522.93,-0.74,0.84,-0.74,0.84,-0.84,-0.65,-0.64,-1.58,-1.58,-1.58
528.16,-0.75,0.81,-0.75,0.81,-0.81,-0.63,-0.63,-1.56,-1.56,-1.57
533.44,-0.77,0.78,-0.77,0.78,-0.78,-0.62,-0.62,-1.55,-1.55,-1.55
538.77,-0.78,0.75,-0.78,0.75,-0.75,-0.60,-0.61,-1.53,-1.53,-1.53
544.16,-0.79,0.72,-0.79,0.72,-0.72,-0.58,-0.60,-1.52,-1.52,-1.51
549.60,-0.80,0.69,-0.80,0.69,-0.69,-0.56,-0.59,-1.50,-1.50,-1.49
555.10,-0.82,0.66,-0.82,0.66,-0.66,-0.55,-0.57,-1.47,-1.47,-1.47
560.65,-0.83,0.62,-0.83,0.62,-0.62,-0.53,-0.56,-1.45,-1.45,-1.45
566.25,-0.84,0.58,-0.84,0.58,-0.58,-0.50,-0.55,-1.42,-1.42,-1.42
571.92,-0.85,0.55,-0.85,0.55,-0.55,-0.48,-0.54,-1.39,-1.39,-1.39
577.64,-0.85,0.51,-0.85,0.51,-0.51,-0.46,-0.53,-1.36,-1.36,-1.36
583.41,-0.86,0.47,-0.86,0.47,-0.46,-0.44,-0.52,-1.33,-1.33,-1.33
589.25,-0.87,0.42,-0.87,0.42,-0.42,-0.41,-0.50,-1.29,-1.29,-1.29
595.14,-0.87,0.37,-0.87,0.37,-0.37,-0.38,-0.49,-1.25,-1.25,-1.25
601.09,-0.88,0.32,-0.88,0.32,-0.33,-0.35,-0.48,-1.21,-1.21,-1.20
607.10,-0.88,0.27,-0.88,0.27,-0.28,-0.32,-0.47,-1.16,-1.16,-1.16
613.17,-0.88,0.23,-0.88,0.23,-0.23,-0.29,-0.45,-1.11,-1.11,-1.11
619.30,-0.89,0.18,-0.89,0.18,-0.17,-0.25,-0.44,-1.06,-1.06,-1.07
625.50,-0.89,0.13,-0.89,0.12,-0.12,-0.22,-0.43,-1.01,-1.01,-1.02
631.75,-0.89,0.07,-0.89,0.07,-0.06,-0.17,-0.42,-0.95,-0.95,-0.96
638.07,-0.89,0.00,-0.89,0.00,-0.00,-0.13,-0.40,-0.89,-0.89,-0.89
644.45,-0.89,-0.06,-0.89,-0.06,0.06,-0.08,-0.39,-0.84,-0.84,-0.83
650.89,-0.90,-0.13,-0.90,-0.13,0.12,-0.03,-0.38,-0.77,-0.77,-0.77
657.40,-0.90,-0.19,-0.90,-0.19,0.19,0.03,-0.37,-0.71,-0.71,-0.71
663.98,-0.90,-0.25,-0.90,-0.25,0.25,0.09,-0.36,-0.64,-0.65,-0.65
670.62,-0.90,-0.31,-0.90,-0.32,0.32,0.15,-0.35,-0.58,-0.58,-0.59
677.32,-0.90,-0.39,-0.90,-0.38,0.38,0.22,-0.33,-0.52,-0.52,-0.51
684.10,-0.90,-0.45,-0.90,-0.45,0.45,0.30,-0.32,-0.45,-0.45,-0.45
690.94,-0.90,-0.52,-0.90,-0.52,0.52,0.37,-0.31,-0.39,-0.39,-0.38
697.85,-0.90,-0.58,-0.90,-0.58,0.58,0.46,-0.30,-0.32,-0.32,-0.32
704.83,-0.90,-0.65,-0.90,-0.65,0.65,0.55,-0.29,-0.25,-0.25,-0.26
711.87,-0.90,-0.72,-0.90,-0.71,0.72,0.64,-0.28,-0.18,-0.18,-0.19
718.99,-0.90,-0.78,-0.90,-0.78,0.78,0.74,-0.27,-0.12,-0.12,-0.12
726.18,-0.90,-0.84,-0.90,-0.84,0.84,0.83,-0.26,-0.06,-0.06,-0.06
733.44,-0.90,-0.90,-0.90,-0.90,0.90,0.92,-0.25,0.01,0.01,0.00
740.78,-0.89,-0.96,-0.89,-0.96,0.96,1.01,-0.24,0.07,0.07,0.07
748.19,-0.89,-1.01,-0.89,-1.01,1.01,1.09,-0.23,0.12,0.12,0.12
755.67,-0.88,-1.05,-0.88,-1.06,1.06,1.16,-0.22,0.17,0.17,0.17
763.23,-0.88,-1.10,-0.88,-1.09,1.10,1.22,-0.21,0.22,0.22,0.22
770.86,-0.87,-1.13,-0.87,-1.13,1.13,1.25,-0.20,0.26,0.26,0.26
778.57,-0.86,-1.16,-0.86,-1.16,1.15,1.27,-0.19,0.30,0.30,0.30
786.35,-0.85,-1.18,-0.85,-1.18,1.17,1.26,-0.18,0.32,0.32,0.33
794.22,-0.84,-1.18,-0.84,-1.18,1.17,1.23,-0.18,0.34,0.34,0.34
802.16,-0.82,-1.17,-0.82,-1.17,1.17,1.18,-0.17,0.34,0.34,0.34
810.18,-0.81,-1.15,-0.81,-1.15,1.15,1.12,-0.16,0.34,0.34,0.34
818.28,-0.79,-1.12,-0.79,-1.12,1.12,1.03,-0.15,0.33,0.33,0.33
826.46,-0.77,-1.08,-0.77,-1.08,1.08,0.94,-0.15,0.31,0.31,0.31
834.73,-0.75,-1.03,-0.75,-1.03,1.03,0.84,-0.14,0.27,0.27,0.28
843.08,-0.73,-0.97,-0.73,-0.97,0.96,0.73,-0.14,0.23,0.23,0.24
851.51,-0.71,-0.89,-0.71,-0.89,0.88,0.62,-0.13,0.18,0.18,0.19
860.02,-0.68,-0.80,-0.68,-0.80,0.80,0.51,-0.13,0.12,0.12,0.12
868.62,-0.65,-0.70,-0.65,-0.70,0.70,0.41,-0.13,0.05,0.05,0.05
877.31,-0.62,-0.59,-0.62,-0.59,0.59,0.30,-0.13,-0.03,-0.03,-0.03
886.08,-0.59,-0.48,-0.59,-0.48,0.47,0.21,-0.13,-0.11,-0.11,-0.11
894.94,-0.55,-0.35,-0.55,-0.35,0.35,0.11,-0.13,-0.20,-0.20,-0.20
903.89,-0.51,-0.22,-0.51,-0.22,0.22,0.02,-0.13,-0.29,-0.29,-0.29
912.93,-0.47,-0.09,-0.47,-0.09,0.09,-0.06,-0.13,-0.38,-0.38,-0.38
922.06,-0.43,0.04,-0.43,0.05,-0.04,-0.14,-0.14,-0.48,-0.47,-0.48
931.28,-0.39,0.18,-0.39,0.18,-0.18,-0.22,-0.14,-0.56,-0.57,-0.57
940.59,-0.34,0.32,-0.34,0.32,-0.31,-0.29,-0.15,-0.65,-0.65,-0.66
950.00,-0.29,0.44,-0.29,0.45,-0.45,-0.36,-0.16,-0.74,-0.74,-0.73
959.50,-0.24,0.57,-0.24,0.57,-0.57,-0.43,-0.17,-0.81,-0.81,-0.81
969.09,-0.18,0.70,-0.18,0.70,-0.70,-0.49,-0.18,-0.88,-0.88,-0.88
978.78,-0.13,0.82,-0.13,0.82,-0.81,-0.55,-0.19,-0.94,-0.94,-0.95
988.57,-0.07,0.93,-0.07,0.93,-0.92,-0.61,-0.21,-0.99,-0.99,-1.00
998.46,-0.01,1.02,-0.01,1.03,-1.02,-0.66,-0.23,-1.03,-1.03,-1.03
1008.44,0.05,1.12,0.05,1.12,-1.12,-0.71,-0.24,-1.07,-1.07,-1.07
1018.53,0.11,1.21,0.11,1.21,-1.21,-0.77,-0.27,-1.09,-1.09,-1.09
1028.71,0.18,1.29,0.18,1.28,-1.28,-0.82,-0.29,-1.10,-1.10,-1.11
1039.00,0.24,1.35,0.24,1.35,-1.35,-0.86,-0.31,-1.11,-1.11,-1.10
1049.39,0.31,1.41,0.31,1.41,-1.41,-0.91,-0.34,-1.10,-1.10,-1.10
1059.88,0.38,1.47,0.38,1.47,-1.46,-0.96,-0.37,-1.09,-1.09,-1.10
1070.48,0.44,1.51,0.44,1.51,-1.51,-1.01,-0.40,-1.06,-1.06,-1.07
1081.19,0.51,1.55,0.51,1.55,-1.54,-1.05,-0.43,-1.03,-1.03,-1.04
1092.00,0.58,1.58,0.58,1.58,-1.57,-1.10,-0.46,-0.99,-0.99,-1.00
1102.92,0.65,1.60,0.65,1.60,-1.60,-1.15,-0.50,-0.95,-0.95,-0.95
1113.95,0.72,1.61,0.72,1.62,-1.62,-1.19,-0.54,-0.90,-0.90,-0.90
1125.09,0.79,1.63,0.79,1.64,-1.64,-1.24,-0.57,-0.85,-0.85,-0.85
1136.34,0.86,1.66,0.86,1.65,-1.65,-1.29,-0.61,-0.80,-0.80,-0.80
1147.70,0.92,1.66,0.92,1.66,-1.66,-1.33,-0.66,-0.74,-0.74,-0.73
1159.18,0.99,1.67,0.99,1.68,-1.68,-1.38,-0.70,-0.69,-0.69,-0.68
1170.77,1.06,1.69,1.06,1.69,-1.69,-1.43,-0.75,-0.63,-0.63,-0.63
1182.48,1.13,1.71,1.13,1.71,-1.71,-1.48,-0.79,-0.58,-0.58,-0.58
1194.30,1.19,1.72,1.19,1.72,-1.72,-1.52,-0.84,-0.53,-0.53,-0.53
1206.25,1.26,1.74,1.26,1.74,-1.74,-1.57,-0.89,-0.48,-0.48,-0.48
1218.31,1.33,1.75,1.33,1.76,-1.76,-1.62,-0.94,-0.43,-0.43,-0.43
1230.49,1.39,1.78,1.39,1.78,-1.78,-1.68,-0.99,-0.39,-0.39,-0.39
1242.80,1.46,1.81,1.46,1.80,-1.80,-1.73,-1.05,-0.35,-0.35,-0.35
1255.22,1.52,1.82,1.52,1.83,-1.83,-1.78,-1.10,-0.31,-0.31,-0.30
1267.78,1.59,1.85,1.59,1.85,-1.86,-1.83,-1.16,-0.27,-0.27,-0.27
1280.45,1.66,1.89,1.66,1.89,-1.89,-1.89,-1.22,-0.23,-0.23,-0.23
1293.26,1.72,1.92,1.72,1.92,-1.92,-1.95,-1.28,-0.19,-0.19,-0.20
1306.19,1.79,1.95,1.79,1.95,-1.95,-2.00,-1.34,-0.16,-0.16,-0.16
1319.25,1.86,1.99,1.86,1.99,-1.98,-2.06,-1.41,-0.13,-0.13,-0.13
1332.45,1.93,2.02,1.93,2.02,-2.02,-2.12,-1.47,-0.10,-0.10,-0.10
1345.77,1.99,2.06,1.99,2.06,-2.06,-2.18,-1.54,-0.06,-0.06,-0.06
1359.23,2.06,2.09,2.06,2.09,-2.10,-2.24,-1.60,-0.03,-0.03,-0.03
1372.82,2.14,2.13,2.14,2.13,-2.14,-2.30,-1.67,0.00,0.00,0.00
1386.55,2.21,2.18,2.21,2.18,-2.18,-2.36,-1.74,0.03,0.03,0.03
1400.41,2.28,2.22,2.28,2.22,-2.22,-2.43,-1.82,0.07,0.07,0.06
1414.42,2.36,2.26,2.36,2.26,-2.26,-2.49,-1.89,0.10,0.10,0.10
1428.56,2.44,2.30,2.44,2.30,-2.30,-2.55,-1.97,0.13,0.13,0.14
1442.85,2.52,2.34,2.52,2.35,-2.35,-2.62,-2.04,0.17,0.17,0.18
1457.28,2.60,2.39,2.60,2.39,-2.39,-2.68,-2.12,0.21,0.21,0.21
1471.85,2.69,2.44,2.69,2.44,-2.44,-2.75,-2.20,0.25,0.25,0.24
1486.57,2.78,2.49,2.78,2.48,-2.48,-2.82,-2.28,0.30,0.30,0.29
1501.43,2.87,2.53,2.87,2.53,-2.53,-2.88,-2.37,0.34,0.34,0.35
1516.45,2.97,2.58,2.97,2.58,-2.58,-2.95,-2.45,0.39,0.39,0.39
1531.61,3.08,2.64,3.08,2.63,-2.64,-3.01,-2.54,0.44,0.44,0.44
1546.93,3.19,2.69,3.19,2.69,-2.70,-3.08,-2.62,0.49,0.49,0.49
1562.40,3.30,2.76,3.30,2.76,-2.76,-3.14,-2.71,0.54,0.54,0.54
1578.02,3.42,2.82,3.42,2.82,-2.82,-3.20,-2.80,0.59,0.59,0.59
1593.80,3.54,2.90,3.54,2.89,-2.89,-3.26,-2.89,0.65,0.65,0.64
1609.74,3.67,2.97,3.66,2.97,-2.96,-3.32,-2.98,0.70,0.70,0.70
1625.84,3.80,3.04,3.80,3.04,-3.04,-3.38,-3.07,0.75,0.76,0.76
1642.10,3.93,3.12,3.93,3.12,-3.12,-3.43,-3.15,0.81,0.81,0.82
1658.52,4.07,3.20,4.07,3.20,-3.20,-3.48,-3.24,0.87,0.87,0.87
1675.10,4.21,3.28,4.21,3.28,-3.29,-3.53,-3.33,0.93,0.93,0.93
1691.85,4.36,3.37,4.36,3.37,-3.37,-3.57,-3.41,0.99,0.99,0.99
1708.77,4.50,3.46,4.50,3.46,-3.46,-3.61,-3.50,1.04,1.04,1.04
1725.86,4.65,3.55,4.65,3.55,-3.55,-3.65,-3.58,1.10,1.10,1.10
1743.12,4.79,3.63,4.79,3.63,-3.63,-3.68,-3.66,1.16,1.16,1.16
1760.55,4.93,3.71,4.93,3.71,-3.71,-3.70,-3.73,1.21,1.22,1.22
1778.15,5.06,3.80,5.06,3.79,-3.79,-3.72,-3.80,1.27,1.27,1.27
1795.94,5.19,3.86,5.19,3.86,-3.86,-3.74,-3.87,1.33,1.33,1.33
1813.90,5.30,3.92,5.30,3.92,-3.92,-3.74,-3.93,1.38,1.38,1.39
1832.03,5.41,3.97,5.41,3.98,-3.97,-3.75,-3.98,1.44,1.44,1.44
1850.36,5.50,4.02,5.50,4.02,-4.01,-3.74,-4.03,1.49,1.49,1.48
1868.86,5.58,4.04,5.58,4.04,-4.04,-3.73,-4.07,1.54,1.54,1.54
1887.55,5.64,4.05,5.64,4.05,-4.05,-3.71,-4.10,1.59,1.60,1.59
1906.42,5.69,4.05,5.69,4.05,-4.04,-3.69,-4.12,1.65,1.65,1.64
1925.49,5.72,4.03,5.72,4.03,-4.03,-3.66,-4.13,1.70,1.70,1.69
1944.74,5.74,3.99,5.74,3.99,-3.99,-3.62,-4.14,1.74,1.74,1.74
1964.19,5.74,3.95,5.74,3.95,-3.95,-3.58,-4.13,1.79,1.79,1.79
1983.83,5.72,3.89,5.72,3.89,-3.89,-3.53,-4.12,1.84,1.84,1.84
2003.67,5.70,3.82,5.70,3.82,-3.82,-3.47,-4.09,1.88,1.88,1.88
2023.71,5.66,3.74,5.66,3.74,-3.74,-3.41,-4.05,1.92,1.92,1.92
2043.94,5.62,3.65,5.62,3.65,-3.65,-3.35,-4.00,1.97,1.97,1.97
2064.38,5.56,3.55,5.56,3.55,-3.55,-3.27,-3.95,2.01,2.01,2.02
2085.03,5.50,3.45,5.50,3.45,-3.45,-3.20,-3.88,2.06,2.06,2.06
2105.88,5.44,3.34,5.44,3.34,-3.34,-3.12,-3.80,2.10,2.10,2.10
2126.94,5.38,3.23,5.38,3.23,-3.22,-3.03,-3.71,2.15,2.15,2.15
2148.20,5.31,3.10,5.31,3.10,-3.11,-2.94,-3.62,2.20,2.20,2.21
2169.69,5.24,2.98,5.24,2.98,-2.99,-2.84,-3.51,2.26,2.26,2.26
2191.38,5.18,2.86,5.18,2.86,-2.86,-2.75,-3.40,2.32,2.32,2.32
2213.30,5.11,2.73,5.11,2.73,-2.74,-2.65,-3.28,2.38,2.38,2.38
2235.43,5.05,2.61,5.05,2.61,-2.61,-2.54,-3.15,2.45,2.45,2.44
2257.78,4.99,2.48,4.99,2.48,-2.48,-2.44,-3.02,2.52,2.52,2.51
2280.36,4.94,2.35,4.94,2.35,-2.34,-2.33,-2.88,2.59,2.59,2.59
2303.17,4.88,2.21,4.88,2.21,-2.21,-2.22,-2.74,2.67,2.67,2.67
2326.20,4.83,2.07,4.83,2.07,-2.08,-2.11,-2.59,2.75,2.75,2.76
2349.46,4.79,1.94,4.79,1.94,-1.95,-2.00,-2.44,2.84,2.84,2.85
2372.95,4.74,1.81,4.74,1.81,-1.81,-1.89,-2.29,2.93,2.93,2.94
2396.68,4.70,1.67,4.70,1.68,-1.67,-1.77,-2.13,3.03,3.03,3.03
2420.65,4.66,1.55,4.66,1.55,-1.53,-1.66,-1.97,3.13,3.13,3.11
2444.86,4.63,1.41,4.63,1.41,-1.39,-1.54,-1.81,3.23,3.23,3.22
2469.31,4.59,1.27,4.59,1.27,-1.27,-1.42,-1.65,3.33,3.33,3.33
2494.00,4.56,1.12,4.56,1.12,-1.14,-1.30,-1.48,3.42,3.42,3.44
2518.94,4.54,0.98,4.54,0.98,-1.02,-1.19,-1.31,3.52,3.52,3.55
2544.13,4.51,0.85,4.51,0.84,-0.89,-1.07,-1.15,3.62,3.62,3.66
2569.57,4.49,0.72,4.49,0.78,-0.76,-0.95,-0.98,3.74,3.74,3.78
2595.27,4.48,0.68,4.48,0.69,-0.62,-0.83,-0.81,3.86,3.86,3.80
2621.22,4.47,0.69,4.47,0.56,-0.48,-0.71,-0.64,3.99,3.99,3.78
2647.43,4.47,0.32,4.47,0.39,-0.35,-0.59,-0.47,4.12,4.12,4.15
2673.90,4.48,0.15,4.48,0.19,-0.23,-0.47,-0.30,4.25,4.25,4.33
2700.64,4.50,0.03,4.50,0.02,-0.11,-0.34,-0.12,4.38,4.38,4.47
2727.65,4.52,-0.06,4.52,-0.07,-0.00,-0.22,0.05,4.52,4.52,4.58
2754.93,4.56,-0.14,4.56,-0.15,0.11,-0.10,0.22,4.67,4.67,4.70
2782.48,4.60,-0.22,4.60,-0.20,0.21,0.02,0.40,4.81,4.81,4.82
2810.30,4.65,-0.27,4.65,-0.25,0.31,0.15,0.57,4.95,4.95,4.92
2838.40,4.69,-0.30,4.69,-0.33,0.40,0.27,0.75,5.09,5.09,4.99
2866.79,4.73,-0.43,4.73,-0.45,0.50,0.40,0.92,5.22,5.22,5.15
2895.46,4.76,-0.63,4.76,-0.60,0.60,0.53,1.10,5.36,5.36,5.40
2924.41,4.79,-0.77,4.79,-0.76,0.73,0.65,1.28,5.51,5.51,5.56
2953.65,4.81,-0.89,4.81,-0.90,0.86,0.78,1.46,5.67,5.67,5.70
2983.19,4.82,-1.01,4.82,-1.01,1.00,0.91,1.63,5.82,5.82,5.83
3013.02,4.84,-1.13,4.84,-1.13,1.14,1.05,1.81,5.98,5.98,5.97
3043.15,4.84,-1.26,4.84,-1.27,1.29,1.18,1.99,6.13,6.13,6.11
3073.58,4.84,-1.42,4.84,-1.42,1.44,1.31,2.17,6.28,6.28,6.27
3104.32,4.84,-1.58,4.84,-1.57,1.58,1.45,2.36,6.42,6.42,6.42
3135.36,4.83,-1.72,4.83,-1.73,1.73,1.59,2.54,6.56,6.56,6.55
3166.72,4.82,-1.87,4.82,-1.88,1.88,1.73,2.72,6.69,6.70,6.69
3198.38,4.80,-2.03,4.80,-2.03,2.02,1.87,2.90,6.82,6.82,6.83
3230.37,4.77,-2.17,4.77,-2.17,2.16,2.01,3.08,6.93,6.93,6.94
3262.67,4.73,-2.30,4.73,-2.30,2.29,2.16,3.27,7.01,7.01,7.03
3295.30,4.68,-2.42,4.68,-2.42,2.40,2.30,3.45,7.08,7.08,7.10
3328.25,4.61,-2.51,4.61,-2.51,2.50,2.45,3.63,7.11,7.11,7.13
3361.53,4.54,-2.59,4.54,-2.59,2.58,2.60,3.81,7.12,7.12,7.13
3395.15,4.44,-2.66,4.44,-2.67,2.66,2.75,3.98,7.10,7.10,7.10
3429.10,4.32,-2.74,4.32,-2.74,2.73,2.90,4.16,7.05,7.05,7.06
3463.39,4.19,-2.81,4.19,-2.80,2.80,3.06,4.33,6.98,6.98,6.99
3498.03,4.03,-2.87,4.03,-2.87,2.87,3.21,4.50,6.90,6.90,6.90
3533.01,3.85,-2.93,3.85,-2.94,2.95,3.37,4.66,6.80,6.80,6.78
3568.34,3.64,-3.03,3.65,-3.03,3.05,3.53,4.82,6.69,6.69,6.67
3604.02,3.42,-3.16,3.42,-3.15,3.16,3.68,4.97,6.59,6.58,6.58
3640.06,3.18,-3.29,3.18,-3.29,3.30,3.84,5.11,6.48,6.48,6.47
3676.46,2.91,-3.45,2.91,-3.45,3.46,4.00,5.25,6.37,6.37,6.35
3713.22,2.62,-3.62,2.62,-3.63,3.65,4.15,5.38,6.27,6.27,6.24
3750.36,2.31,-3.83,2.31,-3.83,3.86,4.31,5.49,6.17,6.16,6.14
3787.86,1.96,-4.08,1.97,-4.08,4.08,4.46,5.60,6.04,6.05,6.04
3825.74,1.60,-4.35,1.60,-4.36,4.33,4.61,5.69,5.94,5.93,5.95
3864.00,1.20,-4.68,1.20,-4.68,4.61,4.75,5.78,5.81,5.81,5.88
3902.64,0.77,-5.04,0.78,-5.03,4.88,4.89,5.84,5.65,5.66,5.81
3941.66,0.32,-5.41,0.32,-5.42,5.14,5.03,5.90,5.47,5.46,5.73
3981.08,-0.16,-5.83,-0.16,-5.83,5.38,5.16,5.94,5.23,5.22,5.67
4020.89,-0.66,-6.28,-0.66,-6.28,5.59,5.28,5.97,4.93,4.93,5.62
4061.10,-1.18,-6.75,-1.19,-6.76,5.76,5.39,5.98,4.57,4.57,5.57
4101.71,-1.73,-7.26,-1.73,-7.26,5.88,5.50,5.99,4.16,4.15,5.53
4142.73,-2.28,-7.77,-2.28,-7.77,5.97,5.59,5.97,3.70,3.69,5.49
4184.15,-2.82,-8.28,-2.82,-8.28,6.03,5.67,5.94,3.20,3.20,5.45
4226.00,-3.35,-8.76,-3.36,-8.77,6.05,5.74,5.90,2.70,2.69,5.41
4268.26,-3.84,-9.20,-3.85,-9.21,6.04,5.80,5.85,2.20,2.20,5.36
4310.94,-4.29,-9.60,-4.27,-9.58,6.03,5.84,5.79,1.74,1.76,5.32
4354.05,-4.60,-9.86,-4.60,-9.86,6.01,5.88,5.72,1.41,1.41,5.26
4397.59,-4.78,-9.99,-4.80,-10.00,6.00,5.90,5.64,1.22,1.20,5.20
4441.56,-4.88,-10.02,-4.85,-9.99,6.02,5.91,5.55,1.14,1.17,5.14
4485.98,-4.75,-9.81,-4.74,-9.81,6.04,5.90,5.46,1.29,1.30,5.07
4530.84,-4.48,-9.48,-4.48,-9.48,6.05,5.88,5.36,1.57,1.57,5.00
4576.15,-4.06,-8.99,-4.07,-8.99,6.04,5.85,5.25,1.98,1.97,4.92
4621.91,-3.57,-8.43,-3.57,-8.41,6.00,5.81,5.14,2.42,2.43,4.85
4668.13,-3.00,-7.76,-3.00,-7.76,5.91,5.76,5.03,2.92,2.91,4.76
4714.81,-2.41,-7.09,-2.41,-7.09,5.78,5.71,4.91,3.38,3.37,4.68
4761.96,-1.83,-6.44,-1.83,-6.44,5.61,5.64,4.80,3.78,3.78,4.61
4809.58,-1.30,-5.86,-1.30,-5.86,5.40,5.57,4.68,4.11,4.10,4.56
4857.67,-0.84,-5.36,-0.85,-5.37,5.19,5.50,4.56,4.35,4.34,4.53
4906.25,-0.49,-4.98,-0.48,-4.96,4.98,5.42,4.44,4.49,4.49,4.48
4955.31,-0.23,-4.67,-0.23,-4.68,4.80,5.35,4.33,4.57,4.56,4.44
5004.87,-0.08,-4.49,-0.10,-4.52,4.66,5.27,4.21,4.58,4.57,4.41
5054.91,-0.07,-4.49,-0.06,-4.48,4.60,5.19,4.09,4.53,4.54,4.42
5105.46,-0.12,-4.54,-0.12,-4.54,4.61,5.12,3.98,4.48,4.48,4.42
5156.52,-0.24,-4.65,-0.25,-4.65,4.67,5.05,3.87,4.42,4.42,4.41
5208.08,-0.42,-4.80,-0.42,-4.80,4.77,4.99,3.76,4.35,4.35,4.37
5260.16,-0.62,-4.95,-0.62,-4.95,4.90,4.94,3.66,4.28,4.29,4.34
5312.77,-0.81,-5.11,-0.81,-5.10,5.04,4.89,3.55,4.22,4.23,4.29
5365.89,-0.99,-5.22,-0.99,-5.22,5.16,4.86,3.45,4.17,4.17,4.23
5419.55,-1.15,-5.30,-1.14,-5.30,5.25,4.83,3.35,4.11,4.11,4.16
5473.75,-1.28,-5.35,-1.28,-5.35,5.32,4.83,3.26,4.04,4.04,4.07
5528.49,-1.41,-5.38,-1.41,-5.37,5.36,4.84,3.16,3.95,3.95,3.97
5583.77,-1.52,-5.38,-1.52,-5.38,5.37,4.88,3.08,3.85,3.85,3.85
5639.61,-1.63,-5.37,-1.63,-5.37,5.37,4.92,2.99,3.73,3.74,3.74
5696.00,-1.74,-5.36,-1.74,-5.36,5.35,4.99,2.91,3.61,3.61,3.62
5752.96,-1.86,-5.35,-1.85,-5.34,5.32,5.07,2.82,3.47,3.47,3.49
5810.49,-1.97,-5.33,-1.96,-5.32,5.29,5.15,2.75,3.32,3.33,3.36
5868.60,-2.08,-5.31,-2.07,-5.30,5.25,5.24,2.67,3.17,3.18,3.22
5927.28,-2.19,-5.28,-2.18,-5.27,5.21,5.30,2.60,3.02,3.03,3.09
5986.56,-2.30,-5.27,-2.28,-5.25,5.16,5.35,2.53,2.86,2.88,2.97
6046.42,-2.41,-5.25,-2.38,-5.21,5.11,5.32,2.46,2.70,2.73,2.84
6106.89,-2.51,-5.22,-2.47,-5.17,5.04,5.26,2.40,2.52,2.57,2.71
6167.96,-2.61,-5.19,-2.54,-5.12,4.94,5.10,2.34,2.34,2.40,2.58
6229.64,-2.69,-5.15,-2.60,-5.08,4.83,4.91,2.28,2.14,2.22,2.45
6291.93,-2.77,-5.17,-2.64,-5.03,4.68,4.63,2.22,1.92,2.04,2.40
6354.85,-2.83,-5.13,-2.66,-4.95,4.51,4.34,2.17,1.68,1.84,2.30
6418.40,-2.88,-5.08,-2.65,-4.84,4.29,4.01,2.11,1.41,1.63,2.19
6482.58,-2.92,-5.00,-2.61,-4.68,4.03,3.68,2.06,1.11,1.41,2.09
6547.41,-2.92,-4.92,-2.53,-4.52,3.72,3.36,2.02,0.80,1.19,1.99
6612.88,-2.91,-4.84,-2.41,-4.34,3.38,3.04,1.97,0.47,0.97,1.93
6679.01,-2.86,-4.83,-2.24,-4.13,3.00,2.73,1.93,0.14,0.75,1.97
6745.80,-2.77,-4.74,-2.04,-3.88,2.60,2.44,1.88,-0.17,0.56,1.97
6813.26,-2.65,-4.59,-1.79,-3.59,2.20,2.16,1.84,-0.46,0.40,1.94
6881.39,-2.48,-4.42,-1.53,-3.25,1.80,1.89,1.81,-0.68,0.27,1.94
6950.21,-2.26,-4.22,-1.25,-2.90,1.43,1.63,1.77,-0.83,0.18,1.96
7019.71,-2.00,-3.99,-0.97,-2.54,1.09,1.38,1.73,-0.90,0.12,1.99
7089.91,-1.68,-3.70,-0.72,-2.18,0.80,1.14,1.70,-0.88,0.08,2.02
7160.81,-1.29,-3.34,-0.49,-1.82,0.56,0.90,1.66,-0.73,0.07,2.04
7232.41,-0.85,-2.92,-0.30,-1.49,0.37,0.68,1.63,-0.48,0.07,2.06
7304.74,-0.37,-2.45,-0.14,-1.17,0.23,0.46,1.60,-0.14,0.09,2.08
7377.79,0.19,-1.87,-0.03,-0.89,0.13,0.27,1.57,0.32,0.11,2.06
7451.56,0.80,-1.23,0.05,-0.64,0.07,0.08,1.54,0.87,0.12,2.03
7526.08,1.45,-0.54,0.10,-0.43,0.03,-0.05,1.51,1.48,0.13,1.99
7601.34,2.14,0.24,0.11,-0.27,0.01,-0.18,1.48,2.15,0.12,1.90
7677.35,2.85,0.95,0.09,-0.16,-0.00,-0.24,1.45,2.85,0.09,1.91
7754.13,3.57,1.64,0.05,-0.11,-0.00,-0.30,1.42,3.57,0.05,1.93
7831.67,4.25,2.40,-0.01,-0.26,0.00,-0.30,1.39,4.25,-0.01,1.86
7909.98,4.89,3.11,-0.10,-0.81,0.00,-0.29,1.36,4.90,-0.09,1.78
7989.08,5.46,3.77,-0.20,-1.43,0.01,-0.24,1.33,5.47,-0.19,1.70
8068.98,5.88,4.41,-0.31,-2.01,0.01,-0.19,1.30,5.89,-0.30,1.47
8149.67,6.19,5.06,-0.42,-2.55,0.01,-0.13,1.27,6.20,-0.41,1.13
8231.16,6.35,5.71,-0.54,-3.02,0.01,-0.06,1.24,6.36,-0.53,0.64
8313.47,6.30,6.30,-0.66,-3.42,0.01,-0.00,1.20,6.31,-0.65,-0.01
8396.61,6.14,6.81,-0.77,-3.81,0.01,0.06,1.17,6.15,-0.76,-0.68
8480.57,5.79,7.07,-0.88,-4.21,0.01,0.11,1.14,5.80,-0.87,-1.28
8565.38,5.31,7.06,-0.99,-4.61,0.01,0.16,1.11,5.32,-0.98,-1.75
8651.03,4.75,6.86,-1.09,-4.95,0.01,0.20,1.07,4.75,-1.08,-2.11
8737.54,4.11,6.46,-1.19,-5.20,0.00,0.23,1.04,4.11,-1.18,-2.35
8824.92,3.39,5.89,-1.28,-5.37,0.00,0.26,1.00,3.40,-1.28,-2.50
8913.17,2.61,5.24,-1.38,-5.51,0.00,0.29,0.97,2.61,-1.37,-2.63
9002.30,1.80,4.58,-1.47,-5.68,0.00,0.30,0.94,1.80,-1.47,-2.78
9092.32,0.91,3.87,-1.57,-5.83,0.00,0.32,0.90,0.91,-1.57,-2.96
9183.25,-0.04,3.11,-1.67,-5.83,0.00,0.33,0.87,-0.04,-1.67,-3.15
9275.08,-1.05,2.30,-1.78,-5.87,0.00,0.34,0.83,-1.05,-1.78,-3.35
9367.83,-2.14,1.44,-1.90,-5.84,0.00,0.34,0.80,-2.14,-1.90,-3.58
9461.51,-3.37,0.40,-2.02,-5.72,0.00,0.35,0.77,-3.37,-2.02,-3.77
9556.12,-4.68,-0.78,-2.15,-5.59,0.00,0.35,0.73,-4.68,-2.15,-3.91
9651.68,-6.06,-2.12,-2.29,-5.48,0.00,0.35,0.70,-6.06,-2.29,-3.94
9748.20,-7.45,-3.62,-2.42,-5.35,0.00,0.35,0.67,-7.45,-2.42,-3.84
9845.68,-8.66,-5.08,-2.55,-5.19,0.00,0.34,0.64,-8.66,-2.55,-3.58
9944.14,-9.54,-6.23,-2.69,-4.99,0.00,0.34,0.61,-9.54,-2.69,-3.31
10043.58,-9.83,-6.73,-2.82,-4.76,0.00,0.33,0.57,-9.83,-2.82,-3.10
10144.02,-9.59,-6.61,-2.96,-4.42,0.00,0.33,0.54,-9.59,-2.96,-2.98
10245.46,-8.46,-5.46,-3.09,-4.07,0.00,0.32,0.51,-8.46,-3.09,-3.00
10347.91,-7.10,-4.05,-3.23,-3.71,0.00,0.32,0.48,-7.10,-3.23,-3.05
10451.39,-5.56,-2.45,-3.38,-3.33,0.00,0.31,0.46,-5.56,-3.38,-3.11
10555.91,-4.12,-1.01,-3.52,-2.94,0.00,0.30,0.43,-4.12,-3.52,-3.11
10661.46,-2.93,0.15,-3.67,-2.54,0.00,0.30,0.40,-2.93,-3.67,-3.08
10768.08,-2.00,0.99,-3.83,-2.12,0.00,0.29,0.37,-2.00,-3.83,-3.00
10875.76,-1.53,1.33,-3.98,-1.68,0.00,0.28,0.34,-1.53,-3.98,-2.86
10984.52,-1.48,1.19,-4.15,-1.23,0.00,0.27,0.32,-1.48,-4.15,-2.67
11094.36,-1.68,0.80,-4.31,-0.77,-0.00,0.27,0.29,-1.68,-4.31,-2.48
11205.31,-2.15,0.16,-4.48,-0.30,-0.00,0.26,0.26,-2.15,-4.48,-2.31
11317.36,-2.83,-0.72,-4.65,0.19,-0.00,0.25,0.23,-2.83,-4.65,-2.11
11430.53,-3.54,-1.64,-4.82,0.70,-0.00,0.24,0.21,-3.54,-4.82,-1.90
11544.84,-4.25,-2.56,-5.00,1.22,-0.00,0.24,0.18,-4.25,-5.00,-1.69
11660.29,-4.92,-3.41,-5.18,1.75,-0.00,0.23,0.15,-4.92,-5.18,-1.51
11776.89,-5.56,-4.20,-5.36,2.29,-0.00,0.22,0.13,-5.56,-5.36,-1.36
11894.66,-6.10,-4.86,-5.55,2.85,-0.00,0.22,0.10,-6.10,-5.55,-1.24
12013.60,-6.62,-5.50,-5.74,3.43,-0.00,0.21,0.07,-6.62,-5.74,-1.12
12133.74,-7.10,-6.05,-5.93,4.02,-0.00,0.20,0.05,-7.10,-5.93,-1.05
12255.08,-7.55,-6.48,-6.13,4.62,-0.00,0.19,0.02,-7.55,-6.13,-1.07
12377.63,-7.99,-6.84,-6.33,5.23,-0.00,0.19,-0.01,-7.99,-6.33,-1.15
12501.41,-8.43,-7.14,-6.54,5.86,-0.00,0.18,-0.04,-8.43,-6.54,-1.29
12626.42,-8.88,-7.31,-6.74,6.51,-0.00,0.17,-0.07,-8.88,-6.74,-1.56
12752.68,-9.32,-7.41,-6.95,7.17,-0.00,0.17,-0.10,-9.32,-6.95,-1.91
12880.21,-9.77,-7.47,-7.17,7.84,-0.00,0.16,-0.14,-9.77,-7.17,-2.30
13009.01,-10.22,-7.52,-7.38,8.53,-0.00,0.16,-0.17,-10.22,-7.38,-2.70
13139.10,-10.67,-7.56,-7.61,9.23,-0.00,0.15,-0.20,-10.67,-7.61,-3.10
13270.49,-11.10,-7.70,-7.83,9.94,-0.00,0.14,-0.24,-11.10,-7.83,-3.40
13403.20,-11.52,-7.92,-8.06,10.67,-0.00,0.14,-0.28,-11.52,-8.06,-3.61
13537.23,-11.92,-8.26,-8.29,11.41,-0.00,0.13,-0.32,-11.92,-8.29,-3.66
13672.60,-12.28,-8.76,-8.52,12.17,-0.00,0.13,-0.36,-12.28,-8.52,-3.52
13809.33,-12.62,-9.41,-8.76,12.94,-0.00,0.12,-0.41,-12.62,-8.76,-3.21
13947.42,-12.90,-10.26,-9.00,13.72,-0.00,0.12,-0.46,-12.90,-9.00,-2.65
14086.90,-13.13,-11.23,-9.24,14.52,-0.00,0.11,-0.51,-13.13,-9.24,-1.89
14227.77,-13.31,-12.28,-9.49,15.34,-0.00,0.11,-0.56,-13.31,-9.49,-1.03
14370.04,-13.43,-13.37,-9.74,16.16,-0.00,0.10,-0.62,-13.43,-9.74,-0.06
14513.74,-13.46,-14.45,-10.00,17.00,-0.00,0.10,-0.68,-13.46,-10.00,0.99
14658.88,-13.35,-15.09,-10.25,17.86,-0.00,0.09,-0.74,-13.35,-10.25,1.75
14805.47,-13.14,-15.27,-10.51,18.73,-0.00,0.09,-0.81,-13.14,-10.51,2.14
14953.52,-12.77,-14.68,-10.78,19.61,-0.00,0.08,-0.87,-12.77,-10.78,1.91
15103.06,-12.19,-13.38,-11.05,20.51,-0.00,0.08,-0.93,-12.19,-11.05,1.19
15254.09,-11.51,-11.69,-11.32,21.42,-0.00,0.08,-1.00,-11.51,-11.32,0.18
15406.63,-10.60,-7.70,-11.59,22.34,-0.00,0.07,-1.05,-10.60,-11.59,-2.90
15560.70,-9.72,10.35,-11.87,23.28,-0.00,0.07,-1.11,-9.72,-11.87,-20.07
15716.30,-8.85,50.16,-12.15,24.24,-0.00,0.06,-1.14,-8.85,-12.15,-59.01
15873.47,-8.28,58.59,-12.43,25.20,-0.00,0.06,-1.17,-8.28,-12.43,-66.87
16032.20,-7.89,58.34,-12.72,26.18,-0.00,0.06,-1.18,-7.89,-12.72,-66.23
16192.52,-7.95,57.79,-13.01,27.18,-0.00,0.05,-1.17,-7.95,-13.01,-65.74
16354.45,-8.37,54.62,-13.31,28.19,-0.00,0.05,-1.14,-8.37,-13.31,-62.99
16517.99,-9.03,50.77,-13.60,29.21,-0.00,0.05,-1.10,-9.03,-13.60,-59.80
16683.17,-10.05,53.07,-13.91,30.25,-0.00,0.04,-1.04,-10.05,-13.91,-63.11
16850.01,-11.20,56.98,-14.21,31.30,-0.00,0.04,-0.97,-11.20,-14.21,-68.18
17018.51,-12.44,61.07,-14.52,32.37,-0.00,0.04,-0.89,-12.44,-14.52,-73.51
17188.69,-13.72,57.67,-14.83,33.45,-0.00,0.03,-0.81,-13.72,-14.83,-71.39
17360.58,-14.96,53.00,-15.14,34.54,-0.00,0.03,-0.72,-14.96,-15.14,-67.97
17534.18,-16.16,48.58,-15.46,35.65,-0.00,0.03,-0.64,-16.16,-15.46,-64.75
17709.53,-17.26,48.07,-15.78,36.77,-0.00,0.03,-0.57,-17.26,-15.78,-65.33
17886.62,-18.13,54.22,-16.11,37.90,-0.00,0.03,-0.49,-18.13,-16.11,-72.36
18065.49,-18.72,55.53,-16.43,39.05,-0.00,0.02,-0.43,-18.72,-16.43,-74.25
18246.14,-18.93,44.93,-16.77,40.22,-0.00,0.02,-0.37,-18.93,-16.77,-63.86
18428.60,-18.55,50.91,-17.10,41.40,-0.00,0.02,-0.32,-18.55,-17.10,-69.46
18612.89,-18.07,48.39,-17.44,42.59,-0.00,0.02,-0.27,-18.07,-17.44,-66.46
18799.02,-17.58,42.87,-17.78,43.79,-0.00,0.01,-0.23,-17.58,-17.78,-60.46
18987.01,-17.23,44.70,-18.12,45.01,-0.00,0.01,-0.19,-17.23,-18.12,-61.93
19176.88,-17.11,49.11,-18.47,46.25,-0.00,0.01,-0.16,-17.11,-18.47,-66.22
19368.65,-17.15,50.41,-18.82,47.50,-0.00,0.01,-0.13,-17.15,-18.82,-67.56
19562.33,-17.34,49.80,-19.18,48.76,-0.00,0.01,-0.11,-17.34,-19.18,-67.15
19757.96,-17.65,49.49,-19.53,50.03,-0.00,0.01,-0.09,-17.65,-19.53,-67.14
19955.54,-17.96,49.17,-19.90,51.32,-0.00,0.01,-0.06,-17.96,-19.90,-67.13
