frequency,raw,error,smoothed,error_smoothed,equalization,parametric_eq,fixed_band_eq,equalized_raw,equalized_smoothed,target
20.00,7.12,-1.31,7.12,-1.31,1.37,-0.01,0.18,8.49,8.50,8.43
20.20,7.14,-1.33,7.14,-1.33,1.33,-0.01,0.18,8.47,8.47,8.46
20.40,7.16,-1.33,7.16,-1.32,1.30,-0.01,0.19,8.46,8.46,8.49
20.61,7.20,-1.31,7.20,-1.30,1.26,-0.01,0.19,8.46,8.46,8.51
20.81,7.26,-1.26,7.26,-1.26,1.22,-0.01,0.20,8.48,8.48,8.52
21.02,7.33,-1.20,7.33,-1.20,1.18,-0.01,0.21,8.51,8.51,8.54
21.23,7.41,-1.14,7.41,-1.14,1.13,-0.02,0.21,8.55,8.54,8.55
21.44,7.49,-1.07,7.49,-1.07,1.09,-0.02,0.22,8.58,8.58,8.56
21.66,7.56,-1.01,7.56,-1.01,1.03,-0.02,0.23,8.59,8.59,8.57
21.87,7.62,-0.96,7.62,-0.96,0.98,-0.02,0.23,8.60,8.59,8.58
22.09,7.66,-0.92,7.66,-0.92,0.93,-0.02,0.24,8.59,8.59,8.58
22.31,7.70,-0.88,7.70,-0.88,0.88,-0.02,0.25,8.58,8.58,8.58
22.54,7.73,-0.84,7.73,-0.84,0.84,-0.02,0.26,8.57,8.57,8.58
22.76,7.77,-0.81,7.77,-0.81,0.79,-0.02,0.27,8.56,8.56,8.57
22.99,7.80,-0.76,7.80,-0.76,0.75,-0.02,0.27,8.55,8.55,8.57
23.22,7.84,-0.71,7.85,-0.71,0.71,-0.02,0.28,8.55,8.55,8.56
23.45,7.89,-0.66,7.89,-0.66,0.66,-0.02,0.29,8.55,8.55,8.55
23.69,7.93,-0.61,7.93,-0.61,0.62,-0.02,0.30,8.55,8.55,8.54
23.92,7.97,-0.56,7.97,-0.56,0.57,-0.02,0.31,8.54,8.54,8.53
24.16,8.00,-0.52,8.00,-0.53,0.53,-0.02,0.32,8.53,8.53,8.52
24.40,8.03,-0.49,8.03,-0.49,0.50,-0.02,0.33,8.52,8.52,8.52
24.65,8.05,-0.47,8.05,-0.47,0.47,-0.02,0.34,8.51,8.51,8.51
24.89,8.07,-0.44,8.07,-0.44,0.44,-0.02,0.35,8.51,8.51,8.51
25.14,8.08,-0.43,8.08,-0.43,0.42,-0.02,0.35,8.51,8.51,8.51
25.39,8.10,-0.41,8.10,-0.41,0.41,-0.02,0.36,8.51,8.51,8.51
25.65,8.12,-0.40,8.12,-0.40,0.40,-0.02,0.37,8.52,8.52,8.51
25.91,8.13,-0.39,8.13,-0.39,0.39,-0.02,0.38,8.53,8.53,8.52
26.16,8.15,-0.39,8.15,-0.39,0.39,-0.02,0.39,8.54,8.54,8.54
26.43,8.16,-0.39,8.16,-0.39,0.39,-0.03,0.40,8.56,8.56,8.55
26.69,8.18,-0.40,8.18,-0.40,0.40,-0.03,0.41,8.57,8.57,8.57
26.96,8.19,-0.40,8.19,-0.40,0.40,-0.03,0.42,8.59,8.59,8.59
27.23,8.20,-0.41,8.20,-0.41,0.40,-0.03,0.42,8.60,8.60,8.61
27.50,8.21,-0.41,8.21,-0.41,0.41,-0.03,0.43,8.62,8.62,8.62
27.77,8.22,-0.41,8.22,-0.41,0.41,-0.03,0.44,8.63,8.63,8.63
28.05,8.24,-0.40,8.24,-0.40,0.40,-0.03,0.44,8.64,8.64,8.64
28.33,8.26,-0.39,8.26,-0.39,0.39,-0.03,0.45,8.65,8.65,8.65
28.62,8.27,-0.38,8.27,-0.38,0.38,-0.03,0.46,8.65,8.65,8.65
28.90,8.29,-0.37,8.29,-0.37,0.37,-0.03,0.46,8.66,8.66,8.66
29.19,8.31,-0.35,8.31,-0.35,0.35,-0.03,0.46,8.66,8.66,8.66
29.48,8.34,-0.33,8.34,-0.33,0.33,-0.03,0.47,8.67,8.67,8.67
29.78,8.36,-0.31,8.36,-0.31,0.31,-0.03,0.47,8.67,8.67,8.67
30.08,8.38,-0.29,8.38,-0.29,0.29,-0.04,0.47,8.67,8.67,8.67
30.38,8.41,-0.27,8.41,-0.27,0.27,-0.04,0.47,8.67,8.67,8.67
30.68,8.43,-0.24,8.43,-0.24,0.24,-0.04,0.47,8.67,8.67,8.67
30.99,8.45,-0.22,8.45,-0.22,0.21,-0.04,0.47,8.67,8.67,8.67
31.30,8.47,-0.19,8.47,-0.19,0.19,-0.04,0.46,8.66,8.66,8.66
31.61,8.49,-0.16,8.49,-0.16,0.16,-0.04,0.46,8.65,8.65,8.65
31.93,8.51,-0.13,8.51,-0.13,0.13,-0.04,0.45,8.64,8.64,8.64
32.24,8.53,-0.10,8.53,-0.10,0.10,-0.04,0.45,8.63,8.63,8.63
32.57,8.54,-0.07,8.54,-0.07,0.07,-0.04,0.44,8.62,8.62,8.61
32.89,8.56,-0.05,8.56,-0.05,0.05,-0.05,0.43,8.60,8.60,8.60
33.22,8.57,-0.02,8.57,-0.02,0.02,-0.05,0.42,8.59,8.59,8.59
33.55,8.58,0.00,8.58,-0.00,0.00,-0.05,0.41,8.58,8.58,8.58
33.89,8.59,0.02,8.59,0.02,-0.02,-0.05,0.40,8.57,8.57,8.57
34.23,8.60,0.03,8.60,0.03,-0.03,-0.05,0.39,8.57,8.57,8.56
34.57,8.60,0.04,8.60,0.04,-0.04,-0.05,0.37,8.56,8.56,8.56
34.92,8.60,0.05,8.60,0.05,-0.05,-0.05,0.36,8.55,8.55,8.55
35.27,8.60,0.06,8.60,0.06,-0.06,-0.06,0.35,8.55,8.55,8.55
35.62,8.60,0.06,8.60,0.06,-0.06,-0.06,0.33,8.54,8.54,8.54
35.97,8.60,0.06,8.60,0.06,-0.06,-0.06,0.32,8.54,8.54,8.54
36.33,8.61,0.07,8.61,0.07,-0.07,-0.06,0.30,8.54,8.54,8.54
36.70,8.61,0.07,8.61,0.07,-0.07,-0.06,0.28,8.54,8.54,8.54
37.06,8.61,0.08,8.61,0.08,-0.08,-0.06,0.27,8.53,8.53,8.53
37.43,8.61,0.08,8.61,0.08,-0.08,-0.07,0.25,8.53,8.53,8.53
37.81,8.62,0.09,8.62,0.09,-0.09,-0.07,0.23,8.53,8.53,8.53
38.19,8.62,0.10,8.62,0.10,-0.10,-0.07,0.21,8.52,8.52,8.52
38.57,8.63,0.11,8.63,0.11,-0.12,-0.07,0.20,8.51,8.51,8.52
38.95,8.63,0.13,8.63,0.13,-0.13,-0.08,0.18,8.50,8.50,8.51
39.34,8.64,0.14,8.64,0.14,-0.15,-0.08,0.16,8.49,8.49,8.49
39.74,8.64,0.16,8.64,0.16,-0.16,-0.08,0.14,8.48,8.48,8.48
40.14,8.64,0.18,8.64,0.18,-0.18,-0.08,0.12,8.47,8.47,8.46
40.54,8.65,0.20,8.65,0.20,-0.19,-0.09,0.10,8.45,8.45,8.45
40.94,8.65,0.21,8.65,0.21,-0.21,-0.09,0.08,8.44,8.44,8.44
41.35,8.65,0.22,8.65,0.22,-0.22,-0.09,0.07,8.43,8.43,8.43
41.76,8.65,0.23,8.65,0.23,-0.23,-0.09,0.05,8.42,8.42,8.42
42.18,8.65,0.24,8.65,0.24,-0.24,-0.10,0.03,8.41,8.41,8.41
42.60,8.64,0.25,8.64,0.25,-0.25,-0.10,0.01,8.40,8.40,8.40
43.03,8.64,0.26,8.64,0.26,-0.26,-0.10,-0.01,8.38,8.38,8.38
43.46,8.63,0.26,8.63,0.26,-0.26,-0.11,-0.03,8.37,8.37,8.37
43.90,8.62,0.27,8.62,0.27,-0.27,-0.11,-0.05,8.36,8.36,8.36
44.33,8.62,0.27,8.62,0.27,-0.27,-0.11,-0.07,8.34,8.34,8.34
44.78,8.61,0.28,8.61,0.28,-0.28,-0.12,-0.09,8.33,8.33,8.33
45.23,8.60,0.28,8.60,0.28,-0.29,-0.12,-0.11,8.31,8.31,8.32
45.68,8.59,0.29,8.59,0.29,-0.29,-0.13,-0.13,8.30,8.30,8.30
46.13,8.58,0.30,8.58,0.30,-0.30,-0.13,-0.15,8.29,8.29,8.29
46.60,8.58,0.31,8.58,0.31,-0.31,-0.14,-0.17,8.27,8.27,8.27
47.06,8.57,0.31,8.57,0.31,-0.31,-0.14,-0.19,8.26,8.26,8.25
47.53,8.56,0.32,8.56,0.32,-0.32,-0.15,-0.21,8.24,8.24,8.24
48.01,8.55,0.33,8.55,0.33,-0.33,-0.15,-0.23,8.22,8.22,8.22
48.49,8.54,0.33,8.54,0.33,-0.33,-0.16,-0.25,8.21,8.21,8.21
48.97,8.54,0.34,8.54,0.34,-0.34,-0.16,-0.27,8.20,8.20,8.20
49.46,8.53,0.34,8.53,0.34,-0.35,-0.17,-0.29,8.18,8.18,8.19
49.96,8.52,0.35,8.52,0.35,-0.35,-0.18,-0.31,8.17,8.17,8.17
50.46,8.51,0.35,8.51,0.35,-0.35,-0.18,-0.33,8.16,8.16,8.16
50.96,8.50,0.36,8.50,0.36,-0.35,-0.19,-0.35,8.15,8.15,8.14
51.47,8.49,0.36,8.49,0.36,-0.35,-0.20,-0.37,8.13,8.13,8.13
51.99,8.47,0.36,8.47,0.36,-0.35,-0.20,-0.39,8.12,8.12,8.11
52.51,8.45,0.36,8.45,0.36,-0.35,-0.21,-0.40,8.10,8.10,8.10
53.03,8.43,0.35,8.43,0.35,-0.35,-0.22,-0.42,8.08,8.08,8.08
53.56,8.41,0.35,8.41,0.35,-0.35,-0.23,-0.44,8.05,8.06,8.06
54.10,8.39,0.35,8.39,0.35,-0.36,-0.24,-0.46,8.03,8.03,8.04
54.64,8.37,0.35,8.37,0.35,-0.36,-0.24,-0.47,8.01,8.01,8.02
55.18,8.36,0.36,8.36,0.36,-0.36,-0.25,-0.49,8.00,8.00,8.00
55.74,8.35,0.38,8.35,0.37,-0.37,-0.26,-0.51,7.99,7.98,7.98
56.29,8.34,0.38,8.34,0.38,-0.37,-0.27,-0.52,7.97,7.97,7.96
56.86,8.33,0.39,8.33,0.39,-0.38,-0.28,-0.54,7.95,7.95,7.94
57.42,8.31,0.39,8.31,0.39,-0.38,-0.29,-0.55,7.93,7.93,7.92
58.00,8.28,0.38,8.29,0.38,-0.38,-0.30,-0.56,7.90,7.90,7.90
58.58,8.26,0.38,8.26,0.38,-0.38,-0.31,-0.57,7.88,7.88,7.89
59.16,8.24,0.38,8.24,0.38,-0.38,-0.32,-0.58,7.86,7.86,7.87
59.76,8.22,0.38,8.22,0.38,-0.38,-0.33,-0.59,7.84,7.84,7.85
60.35,8.20,0.38,8.20,0.38,-0.38,-0.34,-0.60,7.83,7.83,7.83
60.96,8.19,0.38,8.19,0.38,-0.38,-0.35,-0.61,7.81,7.81,7.81
61.57,8.17,0.38,8.17,0.38,-0.38,-0.36,-0.62,7.79,7.79,7.79
62.18,8.15,0.38,8.15,0.38,-0.38,-0.37,-0.62,7.76,7.76,7.76
62.80,8.13,0.39,8.13,0.39,-0.39,-0.38,-0.63,7.74,7.74,7.74
63.43,8.11,0.39,8.11,0.39,-0.39,-0.39,-0.63,7.71,7.71,7.71
64.07,8.08,0.40,8.08,0.40,-0.40,-0.40,-0.63,7.69,7.69,7.69
64.71,8.06,0.40,8.06,0.40,-0.40,-0.41,-0.63,7.66,7.66,7.66
65.35,8.03,0.40,8.03,0.40,-0.40,-0.41,-0.63,7.63,7.63,7.63
66.01,8.01,0.40,8.01,0.40,-0.40,-0.42,-0.63,7.61,7.61,7.61
66.67,7.98,0.40,7.98,0.40,-0.40,-0.42,-0.62,7.58,7.58,7.58
67.33,7.96,0.40,7.96,0.40,-0.40,-0.43,-0.62,7.56,7.56,7.56
68.01,7.93,0.40,7.93,0.40,-0.40,-0.43,-0.62,7.54,7.53,7.53
68.69,7.91,0.40,7.91,0.40,-0.40,-0.43,-0.61,7.51,7.51,7.51
69.37,7.88,0.39,7.88,0.39,-0.39,-0.44,-0.60,7.49,7.49,7.49
70.07,7.85,0.39,7.85,0.39,-0.39,-0.44,-0.60,7.46,7.46,7.46
70.77,7.83,0.39,7.83,0.39,-0.39,-0.44,-0.59,7.44,7.44,7.44
71.48,7.80,0.39,7.80,0.39,-0.39,-0.43,-0.58,7.41,7.41,7.41
72.19,7.77,0.39,7.77,0.39,-0.39,-0.43,-0.57,7.38,7.38,7.38
72.91,7.74,0.39,7.74,0.39,-0.38,-0.43,-0.57,7.36,7.36,7.36
73.64,7.71,0.38,7.71,0.38,-0.38,-0.42,-0.56,7.33,7.33,7.33
74.38,7.68,0.38,7.68,0.38,-0.38,-0.42,-0.55,7.30,7.30,7.30
75.12,7.65,0.38,7.65,0.38,-0.38,-0.41,-0.54,7.28,7.28,7.27
75.87,7.62,0.38,7.62,0.38,-0.38,-0.40,-0.53,7.25,7.25,7.25
76.63,7.59,0.37,7.59,0.37,-0.37,-0.39,-0.52,7.22,7.22,7.22
77.40,7.56,0.37,7.56,0.37,-0.37,-0.39,-0.51,7.19,7.19,7.19
78.17,7.53,0.37,7.53,0.37,-0.37,-0.38,-0.50,7.16,7.16,7.16
78.95,7.50,0.36,7.50,0.37,-0.37,-0.37,-0.49,7.13,7.13,7.13
79.74,7.47,0.36,7.47,0.36,-0.36,-0.36,-0.48,7.10,7.10,7.10
80.54,7.43,0.36,7.43,0.36,-0.36,-0.35,-0.47,7.07,7.07,7.07
81.35,7.40,0.36,7.40,0.36,-0.36,-0.34,-0.46,7.04,7.04,7.04
82.16,7.37,0.36,7.37,0.36,-0.36,-0.33,-0.45,7.01,7.01,7.01
82.98,7.34,0.35,7.34,0.35,-0.35,-0.32,-0.44,6.98,6.98,6.98
83.81,7.30,0.35,7.30,0.35,-0.35,-0.31,-0.44,6.95,6.95,6.95
84.65,7.27,0.35,7.27,0.35,-0.35,-0.30,-0.43,6.92,6.92,6.92
85.50,7.23,0.35,7.23,0.35,-0.34,-0.29,-0.42,6.89,6.89,6.89
86.35,7.20,0.34,7.20,0.34,-0.34,-0.28,-0.41,6.86,6.86,6.86
87.22,7.16,0.34,7.16,0.34,-0.34,-0.27,-0.40,6.83,6.83,6.83
88.09,7.13,0.33,7.13,0.33,-0.33,-0.26,-0.40,6.79,6.79,6.79
88.97,7.09,0.33,7.09,0.33,-0.33,-0.25,-0.39,6.76,6.76,6.76
89.86,7.05,0.33,7.05,0.33,-0.33,-0.24,-0.38,6.73,6.73,6.73
90.76,7.02,0.33,7.02,0.33,-0.33,-0.23,-0.38,6.69,6.69,6.69
91.66,6.98,0.32,6.98,0.32,-0.32,-0.23,-0.37,6.65,6.65,6.65
92.58,6.94,0.32,6.94,0.32,-0.32,-0.22,-0.37,6.62,6.62,6.62
93.51,6.90,0.32,6.90,0.32,-0.32,-0.21,-0.36,6.58,6.58,6.58
94.44,6.86,0.32,6.86,0.32,-0.32,-0.20,-0.36,6.54,6.54,6.54
95.39,6.82,0.32,6.82,0.32,-0.32,-0.20,-0.35,6.51,6.51,6.51
96.34,6.79,0.31,6.79,0.31,-0.31,-0.19,-0.35,6.47,6.47,6.47
97.30,6.75,0.31,6.75,0.31,-0.31,-0.18,-0.35,6.44,6.44,6.44
98.28,6.71,0.31,6.72,0.31,-0.31,-0.18,-0.34,6.41,6.41,6.40
99.26,6.68,0.31,6.68,0.31,-0.31,-0.17,-0.34,6.37,6.37,6.37
100.25,6.64,0.30,6.64,0.30,-0.30,-0.17,-0.34,6.34,6.34,6.34
101.25,6.60,0.30,6.60,0.30,-0.29,-0.16,-0.33,6.31,6.31,6.31
102.27,6.56,0.29,6.56,0.29,-0.29,-0.15,-0.33,6.27,6.27,6.27
103.29,6.51,0.28,6.51,0.28,-0.28,-0.15,-0.33,6.24,6.24,6.24
104.32,6.47,0.27,6.47,0.27,-0.27,-0.14,-0.33,6.20,6.20,6.20
105.37,6.43,0.26,6.43,0.26,-0.26,-0.14,-0.32,6.16,6.16,6.17
106.42,6.38,0.25,6.38,0.25,-0.25,-0.14,-0.32,6.13,6.13,6.13
107.48,6.34,0.25,6.34,0.25,-0.25,-0.13,-0.32,6.09,6.09,6.09
108.56,6.30,0.24,6.30,0.24,-0.24,-0.13,-0.32,6.06,6.06,6.06
109.64,6.25,0.23,6.25,0.23,-0.23,-0.12,-0.31,6.02,6.02,6.02
110.74,6.21,0.22,6.21,0.22,-0.22,-0.12,-0.31,5.99,5.99,5.99
111.85,6.16,0.21,6.16,0.21,-0.21,-0.12,-0.31,5.95,5.95,5.95
112.97,6.12,0.20,6.12,0.20,-0.20,-0.11,-0.31,5.92,5.92,5.92
114.10,6.08,0.19,6.08,0.19,-0.19,-0.11,-0.31,5.88,5.88,5.88
115.24,6.03,0.19,6.03,0.19,-0.19,-0.10,-0.30,5.85,5.85,5.85
116.39,5.99,0.18,5.99,0.18,-0.18,-0.10,-0.30,5.81,5.81,5.81
117.55,5.95,0.17,5.95,0.17,-0.17,-0.10,-0.30,5.78,5.78,5.78
118.73,5.90,0.16,5.90,0.16,-0.16,-0.10,-0.30,5.74,5.74,5.74
119.92,5.86,0.15,5.86,0.15,-0.15,-0.09,-0.29,5.71,5.71,5.71
121.12,5.81,0.14,5.81,0.14,-0.14,-0.09,-0.29,5.67,5.67,5.67
122.33,5.76,0.13,5.76,0.13,-0.13,-0.09,-0.29,5.63,5.63,5.63
123.55,5.71,0.12,5.71,0.12,-0.12,-0.09,-0.28,5.59,5.59,5.59
124.79,5.66,0.11,5.66,0.11,-0.11,-0.08,-0.28,5.55,5.55,5.55
126.03,5.61,0.10,5.61,0.10,-0.10,-0.08,-0.27,5.51,5.51,5.51
127.29,5.56,0.09,5.56,0.09,-0.08,-0.08,-0.27,5.47,5.47,5.47
128.57,5.50,0.07,5.50,0.07,-0.07,-0.08,-0.26,5.43,5.43,5.43
129.85,5.45,0.06,5.45,0.06,-0.06,-0.07,-0.26,5.39,5.39,5.39
131.15,5.40,0.05,5.40,0.05,-0.04,-0.07,-0.25,5.36,5.36,5.36
132.46,5.35,0.03,5.35,0.03,-0.03,-0.07,-0.25,5.32,5.32,5.32
133.79,5.30,0.02,5.30,0.02,-0.02,-0.07,-0.24,5.28,5.28,5.28
135.12,5.25,0.01,5.25,0.01,-0.01,-0.07,-0.23,5.24,5.24,5.24
136.48,5.20,-0.00,5.20,-0.00,0.00,-0.06,-0.23,5.20,5.20,5.21
137.84,5.16,-0.01,5.16,-0.01,0.01,-0.06,-0.22,5.17,5.17,5.17
139.22,5.11,-0.01,5.11,-0.01,0.02,-0.06,-0.21,5.12,5.12,5.12
140.61,5.06,-0.02,5.06,-0.02,0.02,-0.06,-0.21,5.08,5.08,5.08
142.02,5.01,-0.02,5.01,-0.02,0.02,-0.06,-0.20,5.03,5.03,5.03
143.44,4.97,-0.02,4.97,-0.02,0.02,-0.05,-0.19,4.99,4.99,4.99
144.87,4.92,-0.02,4.93,-0.02,0.02,-0.05,-0.18,4.94,4.94,4.95
146.32,4.89,-0.01,4.89,-0.01,0.01,-0.05,-0.18,4.90,4.90,4.90
147.78,4.85,-0.01,4.85,-0.01,0.01,-0.05,-0.17,4.86,4.86,4.86
149.26,4.82,0.00,4.82,0.00,0.00,-0.05,-0.16,4.82,4.82,4.82
150.75,4.79,0.01,4.79,0.01,-0.00,-0.05,-0.15,4.78,4.78,4.78
152.26,4.75,0.01,4.75,0.01,-0.01,-0.04,-0.14,4.74,4.74,4.74
153.78,4.72,0.02,4.72,0.02,-0.02,-0.04,-0.14,4.70,4.70,4.70
155.32,4.68,0.02,4.68,0.02,-0.03,-0.04,-0.13,4.65,4.65,4.66
156.88,4.64,0.03,4.64,0.03,-0.03,-0.04,-0.12,4.61,4.61,4.61
158.44,4.60,0.03,4.60,0.03,-0.04,-0.04,-0.11,4.56,4.56,4.57
160.03,4.56,0.04,4.56,0.04,-0.04,-0.03,-0.10,4.52,4.52,4.52
161.63,4.52,0.05,4.52,0.05,-0.04,-0.03,-0.09,4.48,4.48,4.48
163.24,4.48,0.05,4.48,0.05,-0.05,-0.03,-0.09,4.43,4.43,4.43
164.88,4.43,0.05,4.43,0.05,-0.05,-0.03,-0.08,4.39,4.39,4.39
166.53,4.39,0.05,4.39,0.05,-0.05,-0.03,-0.07,4.34,4.34,4.34
168.19,4.35,0.04,4.35,0.04,-0.04,-0.02,-0.06,4.30,4.30,4.30
169.87,4.30,0.04,4.30,0.04,-0.04,-0.02,-0.05,4.26,4.26,4.26
171.57,4.26,0.03,4.26,0.03,-0.03,-0.02,-0.04,4.22,4.22,4.22
173.29,4.21,0.03,4.21,0.03,-0.03,-0.01,-0.03,4.18,4.18,4.18
175.02,4.16,0.02,4.16,0.02,-0.02,-0.01,-0.03,4.14,4.14,4.14
176.77,4.11,0.02,4.12,0.02,-0.02,-0.01,-0.02,4.10,4.10,4.10
178.54,4.07,0.01,4.07,0.01,-0.01,-0.01,-0.01,4.06,4.06,4.06
180.32,4.01,0.00,4.01,0.00,-0.00,-0.00,-0.00,4.01,4.01,4.01
182.13,3.96,-0.01,3.96,-0.01,0.01,0.00,0.01,3.97,3.97,3.97
183.95,3.91,-0.02,3.91,-0.02,0.02,0.01,0.02,3.92,3.93,3.92
185.79,3.85,-0.03,3.85,-0.03,0.03,0.01,0.02,3.88,3.88,3.88
187.65,3.80,-0.04,3.80,-0.04,0.04,0.01,0.03,3.84,3.84,3.84
189.52,3.75,-0.05,3.75,-0.05,0.06,0.02,0.04,3.80,3.80,3.80
191.42,3.69,-0.07,3.69,-0.07,0.07,0.02,0.05,3.76,3.76,3.76
193.33,3.63,-0.08,3.63,-0.09,0.09,0.03,0.06,3.72,3.72,3.72
195.27,3.58,-0.10,3.58,-0.10,0.10,0.04,0.07,3.68,3.68,3.68
197.22,3.52,-0.12,3.52,-0.12,0.11,0.04,0.07,3.63,3.64,3.64
199.19,3.47,-0.13,3.47,-0.13,0.12,0.05,0.08,3.59,3.59,3.60
201.18,3.43,-0.13,3.43,-0.13,0.12,0.06,0.09,3.55,3.55,3.56
203.19,3.40,-0.13,3.40,-0.13,0.12,0.06,0.10,3.52,3.52,3.52
205.23,3.37,-0.12,3.37,-0.12,0.12,0.07,0.10,3.49,3.49,3.49
207.28,3.34,-0.11,3.34,-0.11,0.11,0.08,0.11,3.45,3.45,3.45
209.35,3.32,-0.10,3.32,-0.10,0.10,0.09,0.12,3.42,3.42,3.41
211.44,3.29,-0.09,3.29,-0.09,0.10,0.10,0.13,3.38,3.38,3.38
213.56,3.25,-0.09,3.25,-0.09,0.10,0.11,0.13,3.35,3.35,3.34
215.69,3.21,-0.09,3.21,-0.09,0.09,0.12,0.14,3.31,3.31,3.30
217.85,3.17,-0.10,3.17,-0.10,0.10,0.13,0.14,3.27,3.27,3.27
220.03,3.13,-0.10,3.13,-0.10,0.10,0.14,0.15,3.23,3.23,3.23
222.23,3.08,-0.11,3.08,-0.11,0.11,0.15,0.15,3.19,3.19,3.19
224.45,3.04,-0.12,3.04,-0.12,0.12,0.16,0.16,3.15,3.15,3.16
226.70,2.99,-0.13,2.99,-0.13,0.13,0.17,0.16,3.11,3.11,3.12
228.96,2.94,-0.13,2.94,-0.13,0.13,0.18,0.17,3.07,3.07,3.07
231.25,2.89,-0.14,2.89,-0.14,0.14,0.18,0.17,3.03,3.03,3.03
233.57,2.84,-0.15,2.84,-0.15,0.15,0.19,0.17,2.99,2.99,2.99
235.90,2.79,-0.16,2.79,-0.16,0.16,0.20,0.17,2.95,2.95,2.95
238.26,2.74,-0.16,2.74,-0.16,0.16,0.20,0.17,2.90,2.90,2.90
240.64,2.69,-0.17,2.69,-0.17,0.17,0.21,0.17,2.86,2.86,2.86
243.05,2.64,-0.18,2.64,-0.18,0.18,0.21,0.17,2.82,2.82,2.81
245.48,2.58,-0.18,2.58,-0.18,0.18,0.21,0.17,2.77,2.77,2.77
247.93,2.53,-0.19,2.53,-0.19,0.19,0.21,0.17,2.72,2.72,2.72
250.41,2.48,-0.20,2.48,-0.20,0.20,0.20,0.17,2.68,2.68,2.67
252.92,2.42,-0.20,2.42,-0.20,0.21,0.20,0.16,2.63,2.63,2.62
255.45,2.37,-0.21,2.37,-0.21,0.21,0.19,0.16,2.58,2.58,2.58
258.00,2.31,-0.21,2.31,-0.21,0.21,0.18,0.15,2.53,2.53,2.53
260.58,2.26,-0.22,2.26,-0.22,0.21,0.16,0.15,2.48,2.48,2.48
263.19,2.22,-0.21,2.22,-0.21,0.21,0.15,0.14,2.42,2.42,2.43
265.82,2.18,-0.20,2.18,-0.20,0.20,0.13,0.13,2.37,2.37,2.38
268.48,2.15,-0.18,2.15,-0.18,0.18,0.12,0.12,2.32,2.32,2.33
271.16,2.12,-0.16,2.12,-0.16,0.15,0.10,0.11,2.27,2.27,2.28
273.87,2.10,-0.13,2.10,-0.13,0.12,0.08,0.10,2.22,2.22,2.23
276.61,2.09,-0.09,2.09,-0.09,0.09,0.06,0.09,2.17,2.17,2.18
279.38,2.08,-0.05,2.08,-0.05,0.05,0.04,0.08,2.12,2.13,2.13
282.17,2.07,-0.01,2.07,-0.01,0.01,0.02,0.07,2.08,2.08,2.07
284.99,2.06,0.04,2.06,0.04,-0.03,-0.00,0.06,2.03,2.03,2.02
287.84,2.04,0.07,2.04,0.07,-0.07,-0.02,0.04,1.98,1.98,1.97
290.72,2.02,0.11,2.02,0.11,-0.10,-0.04,0.03,1.93,1.93,1.92
293.63,2.00,0.13,2.00,0.13,-0.12,-0.06,0.02,1.87,1.87,1.87
296.57,1.96,0.15,1.96,0.15,-0.15,-0.08,0.00,1.82,1.82,1.82
299.53,1.93,0.17,1.93,0.17,-0.17,-0.10,-0.01,1.76,1.76,1.76
302.53,1.89,0.18,1.89,0.18,-0.18,-0.12,-0.03,1.71,1.71,1.71
305.55,1.85,0.20,1.85,0.20,-0.20,-0.14,-0.05,1.66,1.66,1.66
308.61,1.82,0.21,1.82,0.21,-0.21,-0.16,-0.06,1.60,1.60,1.60
311.69,1.78,0.22,1.78,0.22,-0.23,-0.18,-0.08,1.55,1.55,1.55
314.81,1.74,0.24,1.74,0.24,-0.24,-0.20,-0.10,1.50,1.50,1.50
317.96,1.70,0.25,1.70,0.25,-0.25,-0.22,-0.11,1.44,1.44,1.44
321.14,1.66,0.26,1.66,0.26,-0.26,-0.24,-0.13,1.39,1.39,1.39
324.35,1.61,0.28,1.62,0.28,-0.28,-0.26,-0.15,1.34,1.34,1.34
327.59,1.58,0.29,1.58,0.29,-0.29,-0.28,-0.17,1.29,1.29,1.29
330.87,1.54,0.30,1.54,0.30,-0.30,-0.29,-0.19,1.23,1.23,1.23
334.18,1.50,0.31,1.50,0.31,-0.31,-0.31,-0.21,1.18,1.18,1.18
337.52,1.46,0.33,1.46,0.33,-0.33,-0.33,-0.23,1.13,1.13,1.13
340.90,1.42,0.34,1.42,0.34,-0.34,-0.35,-0.25,1.08,1.08,1.08
344.30,1.39,0.35,1.39,0.35,-0.35,-0.37,-0.27,1.03,1.03,1.03
347.75,1.35,0.37,1.35,0.37,-0.37,-0.39,-0.29,0.98,0.98,0.98
351.23,1.31,0.38,1.31,0.38,-0.38,-0.40,-0.31,0.93,0.93,0.93
354.74,1.28,0.40,1.28,0.40,-0.40,-0.42,-0.33,0.87,0.87,0.88
358.28,1.24,0.42,1.24,0.42,-0.42,-0.44,-0.35,0.82,0.82,0.82
361.87,1.20,0.44,1.20,0.44,-0.44,-0.46,-0.37,0.77,0.77,0.77
365.49,1.17,0.45,1.17,0.46,-0.46,-0.48,-0.39,0.71,0.71,0.71
369.14,1.13,0.48,1.13,0.48,-0.48,-0.50,-0.42,0.66,0.66,0.66
372.83,1.10,0.50,1.10,0.50,-0.50,-0.52,-0.44,0.60,0.60,0.60
376.56,1.06,0.52,1.06,0.52,-0.52,-0.54,-0.46,0.55,0.55,0.55
380.33,1.03,0.54,1.03,0.54,-0.54,-0.55,-0.48,0.49,0.49,0.49
384.13,1.00,0.56,1.00,0.56,-0.56,-0.57,-0.51,0.44,0.44,0.44
387.97,0.96,0.58,0.96,0.58,-0.58,-0.59,-0.53,0.38,0.38,0.38
391.85,0.93,0.60,0.93,0.60,-0.60,-0.61,-0.55,0.33,0.33,0.33
395.77,0.90,0.62,0.90,0.62,-0.62,-0.63,-0.57,0.28,0.28,0.28
399.73,0.86,0.64,0.86,0.64,-0.64,-0.65,-0.60,0.22,0.22,0.22
403.72,0.83,0.66,0.83,0.66,-0.66,-0.67,-0.62,0.17,0.17,0.17
407.76,0.80,0.68,0.80,0.68,-0.68,-0.69,-0.64,0.12,0.12,0.12
411.84,0.77,0.70,0.77,0.70,-0.70,-0.71,-0.66,0.06,0.06,0.06
415.96,0.73,0.72,0.73,0.72,-0.72,-0.73,-0.69,0.01,0.01,0.01
420.12,0.70,0.74,0.70,0.74,-0.74,-0.74,-0.71,-0.04,-0.04,-0.04
424.32,0.67,0.76,0.67,0.76,-0.76,-0.76,-0.73,-0.09,-0.09,-0.09
428.56,0.64,0.78,0.64,0.78,-0.78,-0.78,-0.75,-0.14,-0.14,-0.14
432.85,0.61,0.80,0.61,0.80,-0.80,-0.80,-0.76,-0.19,-0.19,-0.19
437.18,0.58,0.82,0.58,0.82,-0.82,-0.81,-0.78,-0.23,-0.23,-0.24
441.55,0.56,0.84,0.55,0.84,-0.83,-0.83,-0.80,-0.28,-0.28,-0.28
445.96,0.53,0.85,0.53,0.85,-0.85,-0.84,-0.81,-0.32,-0.32,-0.32
450.42,0.50,0.86,0.50,0.86,-0.86,-0.86,-0.83,-0.37,-0.37,-0.37
454.93,0.47,0.88,0.47,0.87,-0.88,-0.87,-0.84,-0.41,-0.41,-0.41
459.48,0.44,0.89,0.44,0.89,-0.89,-0.88,-0.85,-0.45,-0.45,-0.45
464.07,0.41,0.90,0.41,0.90,-0.90,-0.89,-0.85,-0.49,-0.49,-0.49
468.71,0.38,0.91,0.38,0.91,-0.91,-0.90,-0.86,-0.53,-0.53,-0.53
473.40,0.36,0.92,0.36,0.92,-0.92,-0.91,-0.86,-0.56,-0.56,-0.56
478.13,0.33,0.92,0.33,0.92,-0.92,-0.91,-0.86,-0.59,-0.59,-0.59
482.91,0.30,0.93,0.30,0.93,-0.93,-0.92,-0.86,-0.63,-0.63,-0.63
487.74,0.28,0.93,0.28,0.93,-0.93,-0.92,-0.86,-0.66,-0.66,-0.65
492.62,0.25,0.93,0.25,0.93,-0.93,-0.92,-0.85,-0.68,-0.68,-0.68
497.55,0.23,0.93,0.23,0.93,-0.93,-0.92,-0.84,-0.71,-0.71,-0.71
502.52,0.20,0.93,0.20,0.93,-0.93,-0.91,-0.83,-0.73,-0.73,-0.73
507.55,0.17,0.92,0.18,0.92,-0.92,-0.90,-0.81,-0.75,-0.75,-0.75
512.62,0.15,0.91,0.15,0.91,-0.91,-0.90,-0.80,-0.76,-0.76,-0.76
517.75,0.13,0.90,0.13,0.90,-0.90,-0.88,-0.78,-0.78,-0.78,-0.78
522.93,0.10,0.89,0.10,0.89,-0.89,-0.87,-0.75,-0.79,-0.79,-0.79
528.16,0.08,0.87,0.08,0.87,-0.87,-0.85,-0.73,-0.79,-0.79,-0.79
533.44,0.06,0.85,0.06,0.85,-0.85,-0.84,-0.70,-0.80,-0.80,-0.80
538.77,0.03,0.83,0.03,0.83,-0.83,-0.81,-0.67,-0.80,-0.80,-0.80
544.16,0.01,0.81,0.01,0.80,-0.80,-0.79,-0.64,-0.79,-0.79,-0.79
549.60,-0.01,0.78,-0.01,0.78,-0.78,-0.76,-0.60,-0.79,-0.79,-0.79
555.10,-0.03,0.74,-0.03,0.74,-0.74,-0.73,-0.56,-0.78,-0.78,-0.78
560.65,-0.05,0.71,-0.05,0.71,-0.71,-0.70,-0.53,-0.76,-0.76,-0.76
566.25,-0.08,0.67,-0.08,0.67,-0.67,-0.67,-0.48,-0.75,-0.75,-0.75
571.92,-0.10,0.63,-0.10,0.63,-0.63,-0.63,-0.44,-0.73,-0.73,-0.73
577.64,-0.12,0.59,-0.12,0.59,-0.59,-0.59,-0.40,-0.71,-0.71,-0.71
583.41,-0.14,0.55,-0.14,0.55,-0.55,-0.55,-0.35,-0.68,-0.68,-0.68
589.25,-0.15,0.50,-0.15,0.50,-0.50,-0.50,-0.30,-0.65,-0.65,-0.66
595.14,-0.17,0.45,-0.17,0.45,-0.45,-0.46,-0.26,-0.62,-0.62,-0.62
601.09,-0.19,0.40,-0.19,0.40,-0.40,-0.41,-0.21,-0.59,-0.59,-0.59
607.10,-0.21,0.35,-0.21,0.35,-0.35,-0.35,-0.16,-0.55,-0.55,-0.55
613.17,-0.22,0.29,-0.22,0.29,-0.29,-0.30,-0.10,-0.51,-0.51,-0.51
619.30,-0.24,0.24,-0.24,0.24,-0.24,-0.24,-0.05,-0.47,-0.47,-0.47
625.50,-0.25,0.18,-0.25,0.18,-0.18,-0.18,0.00,-0.43,-0.43,-0.43
631.75,-0.26,0.12,-0.26,0.12,-0.12,-0.12,0.06,-0.38,-0.38,-0.38
638.07,-0.27,0.06,-0.27,0.06,-0.07,-0.05,0.11,-0.33,-0.33,-0.33
644.45,-0.28,0.01,-0.28,0.01,-0.01,0.02,0.17,-0.29,-0.29,-0.28
650.89,-0.28,-0.05,-0.28,-0.05,0.04,0.09,0.22,-0.24,-0.24,-0.23
657.40,-0.28,-0.11,-0.28,-0.11,0.09,0.17,0.28,-0.19,-0.19,-0.17
663.98,-0.28,-0.16,-0.28,-0.16,0.14,0.25,0.34,-0.14,-0.14,-0.12
670.62,-0.28,-0.22,-0.28,-0.22,0.20,0.34,0.40,-0.08,-0.08,-0.06
677.32,-0.27,-0.28,-0.27,-0.28,0.27,0.43,0.46,-0.01,-0.01,0.00
684.10,-0.28,-0.35,-0.28,-0.34,0.36,0.53,0.51,0.08,0.08,0.07
690.94,-0.30,-0.43,-0.30,-0.43,0.48,0.64,0.57,0.18,0.18,0.13
697.85,-0.36,-0.55,-0.36,-0.55,0.64,0.75,0.64,0.28,0.27,0.19
704.83,-0.47,-0.72,-0.48,-0.73,0.82,0.86,0.70,0.34,0.34,0.25
711.87,-0.62,-0.94,-0.64,-0.95,1.01,0.98,0.76,0.39,0.37,0.31
718.99,-0.83,-1.20,-0.82,-1.20,1.20,1.10,0.82,0.38,0.38,0.38
726.18,-1.01,-1.45,-1.01,-1.45,1.38,1.23,0.88,0.37,0.38,0.44
733.44,-1.15,-1.65,-1.15,-1.65,1.54,1.35,0.95,0.38,0.39,0.50
740.78,-1.22,-1.78,-1.21,-1.77,1.65,1.46,1.01,0.43,0.44,0.56
748.19,-1.19,-1.81,-1.18,-1.81,1.72,1.56,1.07,0.54,0.54,0.62
755.67,-1.09,-1.78,-1.10,-1.78,1.75,1.64,1.14,0.66,0.66,0.69
763.23,-0.98,-1.72,-0.98,-1.73,1.75,1.71,1.20,0.78,0.78,0.75
770.86,-0.86,-1.67,-0.86,-1.67,1.73,1.75,1.27,0.87,0.87,0.81
778.57,-0.77,-1.64,-0.77,-1.64,1.70,1.78,1.34,0.94,0.93,0.87
786.35,-0.70,-1.63,-0.70,-1.64,1.68,1.79,1.40,0.99,0.98,0.94
794.22,-0.66,-1.66,-0.66,-1.66,1.68,1.80,1.47,1.02,1.02,1.00
802.16,-0.63,-1.69,-0.63,-1.69,1.70,1.80,1.53,1.07,1.07,1.06
810.18,-0.62,-1.74,-0.62,-1.74,1.74,1.81,1.60,1.12,1.12,1.12
818.28,-0.61,-1.79,-0.61,-1.79,1.78,1.81,1.66,1.18,1.18,1.19
826.46,-0.60,-1.85,-0.60,-1.85,1.84,1.82,1.73,1.24,1.24,1.25
834.73,-0.59,-1.90,-0.59,-1.90,1.89,1.84,1.79,1.31,1.31,1.31
843.08,-0.57,-1.95,-0.57,-1.95,1.95,1.86,1.86,1.37,1.37,1.38
851.51,-0.56,-2.00,-0.56,-2.00,2.00,1.89,1.92,1.44,1.44,1.44
860.02,-0.54,-2.05,-0.54,-2.05,2.05,1.92,1.98,1.51,1.51,1.51
868.62,-0.53,-2.10,-0.53,-2.10,2.10,1.96,2.04,1.57,1.57,1.57
877.31,-0.51,-2.14,-0.50,-2.14,2.14,1.99,2.10,1.64,1.64,1.64
886.08,-0.48,-2.18,-0.48,-2.18,2.18,2.03,2.16,1.70,1.70,1.70
894.94,-0.46,-2.22,-0.46,-2.22,2.22,2.08,2.22,1.77,1.77,1.77
903.89,-0.43,-2.26,-0.43,-2.26,2.26,2.12,2.27,1.83,1.83,1.83
912.93,-0.40,-2.30,-0.40,-2.30,2.30,2.17,2.32,1.90,1.90,1.90
922.06,-0.36,-2.33,-0.36,-2.33,2.33,2.21,2.36,1.96,1.96,1.96
931.28,-0.33,-2.36,-0.33,-2.36,2.36,2.26,2.41,2.03,2.03,2.03
940.59,-0.29,-2.39,-0.29,-2.39,2.39,2.30,2.45,2.10,2.10,2.10
950.00,-0.25,-2.41,-0.25,-2.41,2.41,2.35,2.49,2.16,2.16,2.16
959.50,-0.21,-2.44,-0.21,-2.44,2.44,2.39,2.52,2.23,2.23,2.23
969.09,-0.16,-2.46,-0.16,-2.46,2.46,2.43,2.55,2.30,2.30,2.30
978.78,-0.11,-2.48,-0.11,-2.48,2.48,2.47,2.57,2.37,2.37,2.37
988.57,-0.06,-2.50,-0.06,-2.50,2.50,2.50,2.60,2.44,2.44,2.44
998.46,-0.01,-2.52,-0.01,-2.52,2.52,2.53,2.61,2.51,2.51,2.51
1008.44,0.05,-2.53,0.05,-2.53,2.53,2.56,2.63,2.58,2.58,2.58
1018.53,0.10,-2.55,0.10,-2.55,2.55,2.59,2.63,2.65,2.65,2.65
1028.71,0.16,-2.56,0.16,-2.56,2.56,2.61,2.64,2.72,2.72,2.72
1039.00,0.22,-2.56,0.22,-2.56,2.56,2.63,2.64,2.78,2.78,2.79
1049.39,0.28,-2.57,0.28,-2.57,2.57,2.64,2.64,2.85,2.85,2.85
1059.88,0.35,-2.57,0.35,-2.57,2.57,2.65,2.63,2.92,2.92,2.91
1070.48,0.41,-2.56,0.41,-2.57,2.57,2.66,2.62,2.98,2.98,2.98
1081.19,0.48,-2.56,0.48,-2.56,2.56,2.66,2.61,3.04,3.04,3.04
1092.00,0.55,-2.56,0.55,-2.56,2.56,2.66,2.60,3.10,3.10,3.10
1102.92,0.61,-2.55,0.61,-2.55,2.55,2.65,2.58,3.17,3.17,3.16
1113.95,0.68,-2.54,0.68,-2.54,2.54,2.64,2.56,3.22,3.22,3.22
1125.09,0.75,-2.53,0.75,-2.53,2.53,2.62,2.53,3.28,3.28,3.28
1136.34,0.82,-2.52,0.82,-2.52,2.52,2.60,2.51,3.34,3.34,3.34
1147.70,0.89,-2.51,0.89,-2.51,2.51,2.58,2.48,3.39,3.39,3.39
1159.18,0.96,-2.49,0.96,-2.49,2.49,2.55,2.46,3.44,3.44,3.44
1170.77,1.02,-2.47,1.02,-2.47,2.47,2.52,2.43,3.49,3.49,3.49
1182.48,1.09,-2.45,1.09,-2.45,2.45,2.49,2.40,3.54,3.54,3.54
1194.30,1.16,-2.43,1.16,-2.43,2.43,2.45,2.37,3.59,3.59,3.58
1206.25,1.23,-2.40,1.23,-2.40,2.40,2.41,2.34,3.63,3.63,3.63
1218.31,1.29,-2.38,1.29,-2.38,2.38,2.37,2.31,3.67,3.67,3.67
1230.49,1.36,-2.35,1.36,-2.35,2.35,2.33,2.28,3.71,3.71,3.71
1242.80,1.42,-2.32,1.42,-2.32,2.32,2.29,2.25,3.74,3.74,3.74
1255.22,1.49,-2.29,1.49,-2.29,2.29,2.24,2.22,3.77,3.78,3.78
1267.78,1.55,-2.26,1.55,-2.26,2.26,2.19,2.20,3.81,3.81,3.80
1280.45,1.61,-2.22,1.61,-2.22,2.22,2.15,2.17,3.83,3.83,3.83
1293.26,1.67,-2.18,1.67,-2.18,2.19,2.10,2.15,3.86,3.86,3.86
1306.19,1.73,-2.15,1.73,-2.15,2.15,2.05,2.12,3.88,3.88,3.88
1319.25,1.79,-2.11,1.79,-2.11,2.11,2.00,2.10,3.90,3.90,3.90
1332.45,1.85,-2.07,1.85,-2.07,2.07,1.95,2.08,3.92,3.92,3.92
1345.77,1.91,-2.03,1.91,-2.03,2.03,1.90,2.06,3.94,3.94,3.94
1359.23,1.97,-1.99,1.97,-1.98,1.98,1.86,2.04,3.95,3.95,3.96
1372.82,2.03,-1.94,2.03,-1.94,1.94,1.81,2.03,3.97,3.97,3.97
1386.55,2.08,-1.89,2.08,-1.89,1.89,1.76,2.01,3.98,3.98,3.98
1400.41,2.14,-1.85,2.14,-1.85,1.85,1.71,2.00,3.99,3.99,3.99
1414.42,2.20,-1.80,2.20,-1.80,1.80,1.67,1.98,4.00,4.00,4.00
1428.56,2.25,-1.75,2.25,-1.75,1.75,1.62,1.98,4.01,4.01,4.01
1442.85,2.31,-1.70,2.31,-1.70,1.70,1.58,1.97,4.01,4.01,4.01
1457.28,2.37,-1.66,2.37,-1.66,1.66,1.54,1.96,4.02,4.02,4.02
1471.85,2.42,-1.61,2.42,-1.61,1.61,1.49,1.95,4.03,4.03,4.03
1486.57,2.48,-1.56,2.48,-1.56,1.57,1.45,1.95,4.05,4.05,4.04
1501.43,2.54,-1.52,2.54,-1.52,1.52,1.41,1.95,4.06,4.06,4.06
1516.45,2.60,-1.48,2.60,-1.48,1.48,1.37,1.95,4.07,4.07,4.07
1531.61,2.65,-1.43,2.65,-1.43,1.43,1.34,1.95,4.09,4.09,4.09
1546.93,2.71,-1.39,2.71,-1.39,1.39,1.30,1.95,4.10,4.10,4.10
1562.40,2.77,-1.35,2.77,-1.35,1.34,1.26,1.95,4.11,4.11,4.11
1578.02,2.83,-1.30,2.83,-1.30,1.29,1.23,1.96,4.12,4.12,4.13
1593.80,2.89,-1.25,2.89,-1.25,1.25,1.20,1.96,4.13,4.13,4.14
1609.74,2.95,-1.20,2.95,-1.20,1.20,1.17,1.97,4.14,4.14,4.14
1625.84,3.01,-1.14,3.01,-1.14,1.14,1.14,1.98,4.15,4.15,4.15
1642.10,3.07,-1.09,3.07,-1.09,1.09,1.11,1.98,4.16,4.16,4.16
1658.52,3.13,-1.04,3.13,-1.04,1.04,1.08,1.99,4.17,4.17,4.17
1675.10,3.20,-0.99,3.20,-0.99,0.99,1.05,2.00,4.19,4.19,4.18
1691.85,3.26,-0.94,3.26,-0.94,0.94,1.03,2.01,4.20,4.20,4.20
1708.77,3.32,-0.89,3.32,-0.89,0.89,1.01,2.02,4.21,4.21,4.22
1725.86,3.39,-0.84,3.39,-0.84,0.84,0.98,2.03,4.23,4.23,4.23
1743.12,3.45,-0.80,3.45,-0.80,0.79,0.96,2.03,4.24,4.24,4.25
1760.55,3.52,-0.75,3.52,-0.75,0.75,0.94,2.04,4.26,4.26,4.27
1778.15,3.58,-0.71,3.58,-0.71,0.71,0.93,2.05,4.29,4.29,4.29
1795.94,3.65,-0.67,3.65,-0.67,0.67,0.91,2.05,4.32,4.32,4.32
1813.90,3.72,-0.64,3.72,-0.64,0.65,0.90,2.05,4.37,4.37,4.36
1832.03,3.78,-0.62,3.78,-0.62,0.64,0.88,2.05,4.42,4.42,4.41
1850.36,3.85,-0.62,3.85,-0.62,0.64,0.87,2.05,4.49,4.49,4.47
1868.86,3.92,-0.64,3.92,-0.64,0.66,0.86,2.05,4.58,4.58,4.55
1887.55,3.98,-0.67,3.98,-0.67,0.69,0.86,2.04,4.67,4.67,4.66
1906.42,4.05,-0.72,4.05,-0.72,0.72,0.85,2.04,4.77,4.77,4.77
1925.49,4.11,-0.78,4.11,-0.77,0.76,0.85,2.02,4.87,4.87,4.89
1944.74,4.17,-0.83,4.17,-0.82,0.81,0.85,2.01,4.98,4.98,5.00
1964.19,4.23,-0.87,4.23,-0.86,0.85,0.85,1.99,5.08,5.08,5.10
1983.83,4.29,-0.90,4.29,-0.90,0.88,0.85,1.97,5.17,5.17,5.19
2003.67,4.35,-0.92,4.35,-0.92,0.91,0.86,1.95,5.26,5.26,5.27
2023.71,4.40,-0.94,4.40,-0.94,0.94,0.87,1.92,5.34,5.34,5.34
2043.94,4.46,-0.96,4.46,-0.96,0.96,0.88,1.89,5.42,5.42,5.42
2064.38,4.51,-0.98,4.51,-0.98,0.98,0.90,1.86,5.49,5.49,5.49
2085.03,4.56,-1.00,4.56,-1.00,1.01,0.92,1.82,5.56,5.56,5.56
2105.88,4.60,-1.03,4.60,-1.03,1.03,0.95,1.78,5.63,5.63,5.63
2126.94,4.64,-1.06,4.64,-1.06,1.07,0.98,1.74,5.71,5.71,5.70
2148.20,4.68,-1.10,4.68,-1.10,1.11,1.01,1.69,5.78,5.78,5.78
2169.69,4.71,-1.15,4.71,-1.15,1.15,1.06,1.64,5.86,5.86,5.86
2191.38,4.74,-1.20,4.73,-1.20,1.20,1.10,1.59,5.94,5.93,5.93
2213.30,4.76,-1.26,4.76,-1.25,1.26,1.16,1.54,6.01,6.01,6.01
2235.43,4.78,-1.32,4.78,-1.32,1.32,1.22,1.48,6.09,6.09,6.09
2257.78,4.79,-1.38,4.79,-1.38,1.38,1.29,1.42,6.17,6.17,6.17
2280.36,4.80,-1.46,4.80,-1.46,1.46,1.37,1.36,6.25,6.25,6.25
2303.17,4.80,-1.53,4.80,-1.53,1.53,1.45,1.30,6.33,6.33,6.33
2326.20,4.80,-1.61,4.80,-1.61,1.61,1.55,1.23,6.41,6.41,6.41
2349.46,4.79,-1.70,4.79,-1.70,1.70,1.65,1.17,6.48,6.48,6.48
2372.95,4.77,-1.78,4.77,-1.78,1.78,1.75,1.10,6.55,6.55,6.55
2396.68,4.75,-1.87,4.75,-1.87,1.87,1.86,1.03,6.62,6.62,6.62
2420.65,4.72,-1.96,4.72,-1.96,1.96,1.97,0.97,6.69,6.69,6.68
2444.86,4.69,-2.05,4.69,-2.05,2.05,2.08,0.90,6.74,6.74,6.74
2469.31,4.65,-2.14,4.65,-2.14,2.14,2.18,0.83,6.79,6.79,6.79
2494.00,4.61,-2.22,4.61,-2.22,2.22,2.27,0.76,6.83,6.83,6.83
2518.94,4.57,-2.30,4.57,-2.30,2.30,2.34,0.68,6.86,6.86,6.86
2544.13,4.52,-2.37,4.52,-2.37,2.36,2.39,0.61,6.88,6.88,6.89
2569.57,4.48,-2.42,4.48,-2.42,2.41,2.43,0.54,6.89,6.89,6.90
2595.27,4.44,-2.46,4.44,-2.46,2.45,2.43,0.47,6.88,6.88,6.90
2621.22,4.40,-2.48,4.40,-2.48,2.46,2.43,0.39,6.86,6.87,6.88
2647.43,4.37,-2.48,4.37,-2.48,2.46,2.40,0.32,6.84,6.84,6.86
2673.90,4.35,-2.46,4.35,-2.46,2.45,2.37,0.25,6.80,6.80,6.81
2700.64,4.34,-2.43,4.34,-2.43,2.42,2.33,0.17,6.76,6.76,6.77
2727.65,4.33,-2.38,4.33,-2.38,2.39,2.29,0.10,6.71,6.71,6.71
2754.93,4.32,-2.33,4.31,-2.33,2.34,2.26,0.02,6.66,6.66,6.65
2782.48,4.30,-2.29,4.30,-2.29,2.30,2.23,-0.05,6.60,6.60,6.59
2810.30,4.28,-2.25,4.28,-2.25,2.26,2.21,-0.12,6.54,6.54,6.52
2838.40,4.25,-2.21,4.25,-2.21,2.22,2.19,-0.20,6.47,6.47,6.46
2866.79,4.21,-2.18,4.21,-2.18,2.19,2.19,-0.27,6.41,6.41,6.40
2895.46,4.18,-2.16,4.18,-2.16,2.17,2.19,-0.35,6.34,6.34,6.34
2924.41,4.13,-2.14,4.14,-2.14,2.15,2.19,-0.43,6.28,6.28,6.28
2953.65,4.09,-2.12,4.09,-2.12,2.13,2.19,-0.50,6.22,6.22,6.22
2983.19,4.05,-2.11,4.05,-2.11,2.11,2.19,-0.58,6.16,6.16,6.16
3013.02,4.01,-2.08,4.01,-2.09,2.09,2.18,-0.65,6.10,6.10,6.09
3043.15,3.97,-2.06,3.97,-2.06,2.06,2.15,-0.73,6.04,6.04,6.03
3073.58,3.94,-2.02,3.94,-2.02,2.03,2.11,-0.81,5.96,5.96,5.96
3104.32,3.91,-1.97,3.91,-1.97,1.97,2.04,-0.88,5.88,5.88,5.88
3135.36,3.89,-1.90,3.89,-1.90,1.90,1.94,-0.96,5.79,5.79,5.79
3166.72,3.87,-1.81,3.87,-1.81,1.80,1.81,-1.04,5.68,5.67,5.68
3198.38,3.86,-1.69,3.86,-1.69,1.68,1.65,-1.12,5.54,5.54,5.55
3230.37,3.86,-1.53,3.86,-1.53,1.52,1.45,-1.19,5.38,5.38,5.39
3262.67,3.86,-1.34,3.86,-1.34,1.33,1.23,-1.27,5.18,5.18,5.20
3295.30,3.87,-1.12,3.87,-1.11,1.10,0.97,-1.34,4.96,4.96,4.98
3328.25,3.88,-0.85,3.88,-0.85,0.83,0.69,-1.42,4.71,4.71,4.73
3361.53,3.90,-0.55,3.90,-0.55,0.53,0.38,-1.49,4.44,4.44,4.45
3395.15,3.93,-0.22,3.93,-0.22,0.21,0.06,-1.56,4.14,4.14,4.15
3429.10,3.97,0.14,3.97,0.13,-0.14,-0.28,-1.63,3.83,3.83,3.83
3463.39,4.01,0.51,4.01,0.51,-0.51,-0.62,-1.70,3.50,3.50,3.50
3498.03,4.06,0.89,4.06,0.89,-0.88,-0.97,-1.77,3.18,3.18,3.17
3533.01,4.12,1.28,4.12,1.27,-1.26,-1.32,-1.84,2.86,2.85,2.84
3568.34,4.18,1.65,4.18,1.65,-1.64,-1.67,-1.90,2.54,2.54,2.53
3604.02,4.25,2.02,4.25,2.02,-2.01,-2.01,-1.96,2.24,2.24,2.23
3640.06,4.32,2.38,4.33,2.37,-2.37,-2.34,-2.02,1.96,1.96,1.95
3676.46,4.41,2.71,4.41,2.72,-2.72,-2.66,-2.07,1.69,1.69,1.69
3713.22,4.50,3.04,4.50,3.04,-3.05,-2.98,-2.12,1.45,1.45,1.46
3750.36,4.60,3.36,4.61,3.35,-3.37,-3.27,-2.16,1.24,1.24,1.25
3787.86,4.73,3.65,4.73,3.65,-3.67,-3.55,-2.20,1.06,1.06,1.08
3825.74,4.86,3.93,4.86,3.93,-3.95,-3.80,-2.24,0.91,0.91,0.93
3864.00,5.00,4.19,5.01,4.18,-4.19,-4.03,-2.27,0.81,0.81,0.81
3902.64,5.16,4.40,5.16,4.41,-4.40,-4.22,-2.29,0.76,0.76,0.76
3941.66,5.32,4.61,5.31,4.60,-4.55,-4.40,-2.31,0.76,0.76,0.71
3981.08,5.45,4.74,5.45,4.74,-4.66,-4.54,-2.33,0.80,0.79,0.71
4020.89,5.56,4.80,5.55,4.80,-4.72,-4.65,-2.34,0.83,0.83,0.75
4061.10,5.63,4.81,5.62,4.79,-4.76,-4.72,-2.34,0.88,0.86,0.82
4101.71,5.66,4.72,5.66,4.73,-4.76,-4.77,-2.34,0.89,0.90,0.93
4142.73,5.71,4.65,5.72,4.66,-4.75,-4.77,-2.33,0.96,0.97,1.07
4184.15,5.81,4.59,5.83,4.61,-4.72,-4.76,-2.32,1.09,1.12,1.22
4226.00,6.01,4.60,6.01,4.61,-4.67,-4.71,-2.30,1.34,1.34,1.40
4268.26,6.21,4.61,6.20,4.61,-4.60,-4.64,-2.28,1.60,1.60,1.59
4310.94,6.40,4.60,6.38,4.58,-4.51,-4.54,-2.25,1.89,1.87,1.80
4354.05,6.52,4.50,6.51,4.50,-4.40,-4.43,-2.22,2.12,2.11,2.02
4397.59,6.59,4.35,6.59,4.35,-4.27,-4.30,-2.19,2.32,2.32,2.24
4441.56,6.62,4.16,6.61,4.15,-4.10,-4.16,-2.15,2.51,2.51,2.46
4485.98,6.61,3.92,6.61,3.92,-3.92,-4.00,-2.11,2.68,2.69,2.69
4530.84,6.59,3.68,6.59,3.69,-3.73,-3.84,-2.06,2.86,2.86,2.91
4576.15,6.59,3.47,6.59,3.47,-3.54,-3.67,-2.01,3.05,3.05,3.12
4621.91,6.61,3.28,6.62,3.29,-3.38,-3.50,-1.96,3.23,3.24,3.33
4668.13,6.68,3.15,6.68,3.16,-3.23,-3.32,-1.91,3.44,3.45,3.52
4714.81,6.77,3.07,6.77,3.07,-3.11,-3.15,-1.86,3.66,3.66,3.70
4761.96,6.87,2.99,6.87,3.00,-3.01,-2.96,-1.81,3.86,3.87,3.87
4809.58,6.96,2.93,6.95,2.93,-2.90,-2.78,-1.75,4.06,4.05,4.03
4857.67,7.01,2.84,7.00,2.83,-2.79,-2.60,-1.70,4.22,4.21,4.17
4906.25,6.99,2.70,6.99,2.70,-2.65,-2.41,-1.64,4.34,4.35,4.29
4955.31,6.92,2.53,6.92,2.52,-2.47,-2.22,-1.59,4.45,4.44,4.39
5004.87,6.78,2.30,6.77,2.30,-2.25,-2.02,-1.53,4.52,4.51,4.48
5054.91,6.55,2.02,6.56,2.03,-2.00,-1.82,-1.47,4.55,4.56,4.53
5105.46,6.29,1.72,6.29,1.72,-1.71,-1.61,-1.42,4.58,4.58,4.57
5156.52,5.98,1.40,5.98,1.40,-1.40,-1.39,-1.36,4.58,4.58,4.58
5208.08,5.63,1.06,5.63,1.06,-1.07,-1.16,-1.31,4.56,4.56,4.57
5260.16,5.26,0.73,5.26,0.73,-0.74,-0.90,-1.26,4.51,4.52,4.52
5312.77,4.87,0.41,4.87,0.41,-0.42,-0.64,-1.20,4.45,4.45,4.46
5365.89,4.48,0.10,4.48,0.10,-0.12,-0.35,-1.15,4.36,4.36,4.38
5419.55,4.09,-0.18,4.09,-0.18,0.17,-0.05,-1.10,4.26,4.26,4.27
5473.75,3.71,-0.44,3.71,-0.43,0.42,0.25,-1.05,4.13,4.13,4.14
5528.49,3.34,-0.66,3.34,-0.65,0.64,0.56,-1.00,3.97,3.98,4.00
5583.77,2.99,-0.84,2.99,-0.84,0.82,0.81,-0.95,3.81,3.81,3.83
5639.61,2.66,-0.99,2.67,-0.98,0.96,1.05,-0.90,3.62,3.63,3.65
5696.00,2.35,-1.11,2.36,-1.09,1.07,1.16,-0.85,3.41,3.43,3.46
5752.96,2.07,-1.17,2.09,-1.15,1.14,1.24,-0.81,3.21,3.22,3.24
5810.49,1.81,-1.21,1.84,-1.18,1.18,1.17,-0.76,2.98,3.01,3.02
5868.60,1.58,-1.21,1.62,-1.17,1.19,1.07,-0.72,2.77,2.81,2.79
5927.28,1.38,-1.19,1.43,-1.15,1.17,0.91,-0.67,2.54,2.60,2.56
5986.56,1.20,-1.15,1.27,-1.10,1.11,0.74,-0.63,2.31,2.39,2.35
6046.42,1.05,-1.10,1.15,-1.03,1.01,0.57,-0.59,2.06,2.16,2.15
6106.89,0.93,-1.02,1.07,-0.93,0.86,0.40,-0.55,1.79,1.93,1.95
6167.96,0.83,-0.89,1.02,-0.78,0.65,0.27,-0.50,1.49,1.68,1.73
6229.64,0.77,-0.70,1.03,-0.55,0.39,0.14,-0.46,1.16,1.42,1.47
6291.93,0.74,-0.41,1.08,-0.25,0.10,0.05,-0.42,0.84,1.18,1.15
6354.85,0.75,-0.02,1.18,0.15,-0.20,-0.04,-0.39,0.55,0.98,0.77
6418.40,0.78,0.41,1.35,0.58,-0.48,-0.10,-0.35,0.30,0.87,0.37
6482.58,0.85,0.89,1.57,1.01,-0.72,-0.16,-0.31,0.13,0.85,-0.04
6547.41,0.96,1.27,1.86,1.35,-0.91,-0.20,-0.27,0.06,0.95,-0.31
6612.88,1.10,1.54,2.21,1.53,-1.02,-0.23,-0.24,0.08,1.18,-0.44
6679.01,1.29,1.54,2.61,1.56,-1.07,-0.26,-0.20,0.22,1.55,-0.26
6745.80,1.52,1.45,3.07,1.50,-1.04,-0.28,-0.17,0.47,2.02,0.07
6813.26,1.78,1.32,3.56,1.42,-0.97,-0.29,-0.13,0.82,2.59,0.46
6881.39,2.11,1.26,4.06,1.38,-0.85,-0.30,-0.10,1.26,3.21,0.85
6950.21,2.49,1.32,4.55,1.39,-0.73,-0.31,-0.07,1.77,3.83,1.17
7019.71,2.92,1.46,5.02,1.43,-0.61,-0.31,-0.04,2.32,4.41,1.46
7089.91,3.42,1.71,5.43,1.48,-0.50,-0.31,-0.01,2.91,4.93,1.71
7160.81,4.00,2.06,5.79,1.53,-0.42,-0.31,0.02,3.58,5.36,1.94
7232.41,4.66,2.47,6.08,1.57,-0.36,-0.31,0.05,4.30,5.72,2.18
7304.74,5.38,2.95,6.30,1.58,-0.30,-0.31,0.08,5.08,6.01,2.43
7377.79,6.21,3.51,6.46,1.59,-0.24,-0.31,0.11,5.97,6.22,2.70
7451.56,7.10,4.11,6.57,1.58,-0.19,-0.30,0.13,6.91,6.38,2.99
7526.08,8.03,4.73,6.63,1.57,-0.15,-0.30,0.15,7.89,6.48,3.31
7601.34,8.99,5.34,6.65,1.57,-0.11,-0.29,0.17,8.88,6.54,3.65
7677.35,9.89,5.86,6.65,1.57,-0.09,-0.28,0.19,9.80,6.56,4.03
7754.13,10.76,6.33,6.62,1.58,-0.07,-0.28,0.21,10.69,6.56,4.42
7831.67,11.41,6.56,6.59,1.61,-0.05,-0.27,0.23,11.36,6.54,4.85
7909.98,11.94,6.66,6.55,1.67,-0.04,-0.27,0.24,11.90,6.51,5.28
7989.08,12.26,6.55,6.51,1.73,-0.03,-0.26,0.25,12.23,6.48,5.71
8068.98,12.29,6.17,6.47,1.82,-0.02,-0.25,0.27,12.27,6.45,6.12
8149.67,12.16,5.65,6.43,1.91,-0.02,-0.25,0.27,12.14,6.41,6.51
8231.16,11.84,4.97,6.39,2.01,-0.02,-0.24,0.28,11.82,6.38,6.86
8313.47,11.37,4.23,6.35,2.10,-0.01,-0.23,0.29,11.36,6.34,7.14
8396.61,10.86,3.48,6.30,2.19,-0.01,-0.23,0.29,10.85,6.29,7.38
8480.57,10.32,2.78,6.25,2.28,-0.01,-0.22,0.29,10.31,6.24,7.54
8565.38,9.84,2.23,6.19,2.35,-0.01,-0.21,0.29,9.83,6.18,7.60
8651.03,9.42,1.81,6.11,2.41,-0.00,-0.21,0.29,9.41,6.10,7.61
8737.54,9.08,1.53,6.01,2.46,-0.00,-0.20,0.29,9.07,6.01,7.55
8824.92,8.85,1.40,5.89,2.48,-0.00,-0.20,0.28,8.84,5.89,7.45
8913.17,8.71,1.39,5.74,2.49,-0.00,-0.19,0.28,8.71,5.74,7.31
9002.30,8.60,1.43,5.57,2.49,-0.00,-0.18,0.27,8.60,5.57,7.18
9092.32,8.55,1.50,5.38,2.47,-0.00,-0.18,0.26,8.55,5.38,7.06
9183.25,8.49,1.53,5.16,2.43,-0.00,-0.17,0.25,8.48,5.16,6.96
9275.08,8.39,1.50,4.92,2.39,-0.00,-0.17,0.25,8.39,4.92,6.89
9367.83,8.23,1.38,4.67,2.35,-0.00,-0.16,0.24,8.23,4.67,6.86
9461.51,7.97,1.11,4.40,2.30,-0.00,-0.16,0.23,7.97,4.40,6.86
9556.12,7.62,0.73,4.13,2.24,-0.00,-0.15,0.22,7.62,4.13,6.89
9651.68,7.17,0.26,3.86,2.18,-0.00,-0.15,0.21,7.17,3.86,6.91
9748.20,6.63,-0.29,3.58,2.13,-0.00,-0.14,0.20,6.63,3.58,6.92
9845.68,6.00,-0.86,3.31,2.07,-0.00,-0.14,0.19,6.00,3.31,6.86
9944.14,5.33,-1.38,3.05,2.01,-0.00,-0.13,0.18,5.33,3.05,6.70
10043.58,4.64,-1.79,2.78,1.95,-0.00,-0.13,0.17,4.64,2.78,6.43
10144.02,3.94,-2.11,2.59,1.92,-0.00,-0.13,0.16,3.94,2.59,6.05
10245.46,3.29,-2.19,2.38,1.89,-0.00,-0.12,0.15,3.29,2.38,5.47
10347.91,2.68,-2.14,2.18,1.86,-0.00,-0.12,0.14,2.68,2.18,4.82
10451.39,2.12,-1.95,1.97,1.83,-0.00,-0.11,0.13,2.12,1.97,4.07
10555.91,1.66,-1.61,1.75,1.79,-0.00,-0.11,0.12,1.66,1.75,3.27
10661.46,1.27,-1.21,1.52,1.76,-0.00,-0.11,0.11,1.27,1.52,2.48
10768.08,0.95,-0.75,1.29,1.72,-0.00,-0.10,0.11,0.95,1.29,1.70
10875.76,0.72,-0.25,1.06,1.68,-0.00,-0.10,0.10,0.72,1.06,0.97
10984.52,0.55,0.26,0.82,1.64,-0.00,-0.10,0.09,0.55,0.82,0.29
11094.36,0.42,0.78,0.57,1.60,-0.00,-0.09,0.08,0.42,0.57,-0.36
11205.31,0.33,1.29,0.31,1.55,-0.00,-0.09,0.07,0.33,0.31,-0.95
11317.36,0.26,1.76,0.06,1.51,-0.00,-0.09,0.07,0.26,0.06,-1.49
11430.53,0.20,2.22,-0.21,1.46,-0.00,-0.08,0.06,0.20,-0.21,-2.02
11544.84,0.10,2.63,-0.48,1.41,-0.00,-0.08,0.05,0.10,-0.48,-2.53
11660.29,-0.02,3.02,-0.76,1.35,-0.00,-0.08,0.05,-0.02,-0.76,-3.04
11776.89,-0.19,3.36,-1.04,1.30,-0.00,-0.07,0.04,-0.19,-1.04,-3.55
11894.66,-0.51,3.55,-1.33,1.25,-0.00,-0.07,0.03,-0.51,-1.33,-4.05
12013.60,-0.85,3.70,-1.62,1.19,-0.00,-0.07,0.03,-0.85,-1.62,-4.55
12133.74,-1.29,3.78,-1.92,1.13,-0.00,-0.07,0.02,-1.29,-1.92,-5.07
12255.08,-1.86,3.76,-2.22,1.07,-0.00,-0.06,0.02,-1.86,-2.22,-5.62
12377.63,-2.50,3.69,-2.54,1.01,-0.00,-0.06,0.01,-2.50,-2.54,-6.19
12501.41,-3.19,3.58,-2.85,0.94,-0.00,-0.06,0.00,-3.19,-2.85,-6.77
12626.42,-3.94,3.43,-3.18,0.88,-0.00,-0.06,-0.00,-3.94,-3.18,-7.37
12752.68,-4.70,3.28,-3.50,0.81,-0.00,-0.05,-0.01,-4.70,-3.50,-7.98
12880.21,-5.44,3.17,-3.84,0.74,-0.00,-0.05,-0.01,-5.44,-3.84,-8.61
13009.01,-6.16,3.08,-4.18,0.67,-0.00,-0.05,-0.02,-6.16,-4.18,-9.24
13139.10,-6.88,2.99,-4.52,0.59,-0.00,-0.05,-0.02,-6.88,-4.52,-9.87
13270.49,-7.51,3.00,-4.88,0.52,-0.00,-0.05,-0.03,-7.51,-4.88,-10.51
13403.20,-8.12,3.03,-5.23,0.44,-0.00,-0.04,-0.04,-8.12,-5.23,-11.15
13537.23,-8.64,3.11,-5.60,0.36,-0.00,-0.04,-0.04,-8.64,-5.60,-11.75
13672.60,-9.12,3.20,-5.97,0.28,-0.00,-0.04,-0.05,-9.12,-5.97,-12.33
13809.33,-9.57,3.29,-6.34,0.20,-0.00,-0.04,-0.06,-9.57,-6.34,-12.86
13947.42,-9.96,3.36,-6.72,0.12,-0.00,-0.04,-0.06,-9.96,-6.72,-13.31
14086.90,-10.32,3.36,-7.11,0.03,0.00,-0.04,-0.07,-10.32,-7.11,-13.69
14227.77,-10.68,3.33,-7.50,-0.06,0.00,-0.03,-0.08,-10.68,-7.50,-14.01
14370.04,-11.04,3.22,-7.90,-0.15,0.00,-0.03,-0.09,-11.04,-7.90,-14.26
14513.74,-11.42,3.00,-8.30,-0.24,0.00,-0.03,-0.10,-11.42,-8.30,-14.42
14658.88,-11.88,2.56,-8.71,-0.33,0.00,-0.03,-0.11,-11.88,-8.71,-14.44
14805.47,-12.40,1.98,-9.13,-0.42,0.00,-0.03,-0.12,-12.40,-9.13,-14.37
14953.52,-13.01,1.16,-9.55,-0.52,0.00,-0.03,-0.13,-13.01,-9.55,-14.17
15103.06,-13.76,0.07,-9.98,-0.62,0.00,-0.02,-0.13,-13.76,-9.98,-13.83
15254.09,-14.57,-1.16,-10.41,-0.72,0.00,-0.02,-0.14,-14.57,-10.41,-13.41
15406.63,-15.56,-2.70,-10.85,-0.82,0.00,-0.02,-0.15,-15.56,-10.85,-12.86
15560.70,-16.60,-4.28,-11.29,-0.92,0.00,-0.02,-0.16,-16.60,-11.29,-12.32
15716.30,-17.71,-5.91,-11.74,-1.03,0.00,-0.02,-0.16,-17.71,-11.74,-11.80
15873.47,-18.84,-7.32,-12.20,-1.14,0.00,-0.02,-0.17,-18.84,-12.20,-11.52
16032.20,-19.95,-8.57,-12.66,-1.24,0.00,-0.02,-0.17,-19.95,-12.66,-11.38
16192.52,-21.00,-9.42,-13.13,-1.35,0.00,-0.02,-0.17,-21.00,-13.13,-11.58
16354.45,-21.92,-9.92,-13.60,-1.47,0.00,-0.02,-0.16,-21.92,-13.60,-12.00
16517.99,-22.74,-10.17,-14.08,-1.58,0.00,-0.01,-0.16,-22.74,-14.08,-12.57
16683.17,-23.27,-9.99,-14.57,-1.70,0.00,-0.01,-0.15,-23.27,-14.57,-13.28
16850.01,-23.54,-9.56,-15.06,-1.81,0.00,-0.01,-0.14,-23.54,-15.06,-13.98
17018.51,-23.59,-8.93,-15.55,-1.93,0.00,-0.01,-0.13,-23.59,-15.55,-14.65
17188.69,-23.17,-8.00,-16.06,-2.05,0.00,-0.01,-0.12,-23.17,-16.06,-15.16
17360.58,-22.41,-6.91,-16.56,-2.18,0.00,-0.01,-0.10,-22.41,-16.56,-15.50
17534.18,-21.38,-5.71,-17.08,-2.30,0.00,-0.01,-0.09,-21.38,-17.08,-15.68
17709.53,-20.03,-4.42,-17.60,-2.43,0.00,-0.01,-0.08,-20.03,-17.60,-15.61
17886.62,-18.52,-3.21,-18.12,-2.56,0.00,-0.01,-0.07,-18.52,-18.12,-15.31
18065.49,-16.97,-2.13,-18.66,-2.69,0.00,-0.01,-0.06,-16.97,-18.66,-14.84
18246.14,-15.45,-1.23,-19.19,-2.82,0.00,-0.01,-0.05,-15.45,-19.19,-14.22
18428.60,-14.14,-0.62,-19.74,-2.95,0.00,-0.01,-0.05,-14.14,-19.74,-13.52
18612.89,-13.05,-0.12,-20.29,-3.09,0.00,-0.01,-0.04,-13.05,-20.29,-12.93
18799.02,-12.19,0.31,-20.84,-3.22,0.00,-0.00,-0.03,-12.19,-20.84,-12.50
18987.01,-11.65,0.71,-21.40,-3.36,0.00,-0.00,-0.03,-11.65,-21.40,-12.36
19176.88,-11.53,1.08,-21.97,-3.50,0.00,-0.00,-0.02,-11.53,-21.97,-12.61
19368.65,-11.68,1.37,-22.54,-3.65,0.00,-0.00,-0.02,-11.68,-22.54,-13.04
19562.33,-12.05,1.56,-23.12,-3.79,0.00,-0.00,-0.02,-12.05,-23.12,-13.61
19757.96,-12.58,1.66,-23.70,-3.94,0.00,-0.00,-0.01,-12.58,-23.70,-14.24
19955.54,-13.11,1.75,-24.29,-4.08,0.00,-0.00,-0.01,-13.11,-24.29,-14.87
