frequency,raw,error,smoothed,error_smoothed,equalization,parametric_eq,fixed_band_eq,equalized_raw,equalized_smoothed,target
20.00,5.86,-0.77,5.86,-0.77,0.77,0.61,0.55,6.63,6.63,6.64
20.20,5.86,-0.78,5.86,-0.78,0.78,0.62,0.57,6.64,6.64,6.64
20.40,5.86,-0.79,5.87,-0.79,0.79,0.63,0.58,6.65,6.65,6.65
20.61,5.87,-0.79,5.87,-0.79,0.80,0.65,0.60,6.66,6.66,6.66
20.81,5.87,-0.80,5.87,-0.80,0.80,0.66,0.62,6.67,6.67,6.67
21.02,5.87,-0.81,5.87,-0.81,0.81,0.67,0.63,6.68,6.68,6.67
21.23,5.86,-0.81,5.86,-0.81,0.82,0.69,0.65,6.69,6.68,6.68
21.44,5.86,-0.82,5.86,-0.83,0.83,0.71,0.67,6.69,6.69,6.68
21.66,5.85,-0.84,5.85,-0.84,0.84,0.72,0.69,6.69,6.69,6.69
21.87,5.84,-0.85,5.84,-0.85,0.85,0.74,0.71,6.69,6.69,6.69
22.09,5.84,-0.86,5.84,-0.86,0.86,0.76,0.73,6.69,6.69,6.70
22.31,5.84,-0.87,5.84,-0.87,0.86,0.78,0.75,6.70,6.70,6.71
22.54,5.84,-0.87,5.84,-0.87,0.87,0.80,0.77,6.71,6.71,6.71
22.76,5.85,-0.87,5.85,-0.87,0.87,0.82,0.79,6.72,6.72,6.72
22.99,5.86,-0.87,5.86,-0.87,0.87,0.84,0.81,6.73,6.73,6.73
23.22,5.88,-0.87,5.88,-0.87,0.87,0.87,0.84,6.74,6.74,6.74
23.45,5.89,-0.87,5.89,-0.87,0.87,0.89,0.86,6.75,6.75,6.75
23.69,5.89,-0.87,5.89,-0.87,0.87,0.92,0.88,6.76,6.76,6.76
23.92,5.88,-0.88,5.88,-0.88,0.89,0.95,0.91,6.77,6.77,6.76
24.16,5.87,-0.90,5.87,-0.90,0.91,0.99,0.93,6.78,6.77,6.77
24.40,5.84,-0.93,5.84,-0.93,0.94,1.02,0.95,6.78,6.78,6.77
24.65,5.81,-0.97,5.81,-0.97,0.97,1.06,0.98,6.78,6.78,6.77
24.89,5.76,-1.01,5.76,-1.01,1.02,1.10,1.01,6.78,6.78,6.77
25.14,5.70,-1.07,5.70,-1.07,1.08,1.15,1.03,6.78,6.78,6.77
25.39,5.64,-1.13,5.64,-1.13,1.14,1.19,1.06,6.78,6.78,6.77
25.65,5.57,-1.20,5.57,-1.20,1.21,1.24,1.08,6.78,6.78,6.77
25.91,5.51,-1.27,5.50,-1.27,1.27,1.28,1.11,6.77,6.77,6.77
26.16,5.44,-1.33,5.44,-1.33,1.32,1.33,1.14,6.76,6.76,6.78
26.43,5.40,-1.39,5.40,-1.38,1.36,1.36,1.16,6.75,6.76,6.78
26.69,5.38,-1.41,5.37,-1.41,1.38,1.39,1.19,6.76,6.75,6.79
26.96,5.37,-1.42,5.37,-1.42,1.39,1.41,1.22,6.76,6.76,6.79
27.23,5.39,-1.41,5.40,-1.40,1.38,1.41,1.24,6.77,6.78,6.80
27.50,5.44,-1.37,5.43,-1.37,1.37,1.42,1.27,6.80,6.80,6.80
27.77,5.47,-1.33,5.47,-1.33,1.35,1.41,1.29,6.83,6.83,6.81
28.05,5.51,-1.30,5.50,-1.31,1.34,1.40,1.32,6.85,6.85,6.81
28.33,5.51,-1.30,5.51,-1.30,1.34,1.38,1.34,6.86,6.86,6.81
28.62,5.50,-1.31,5.50,-1.31,1.35,1.36,1.36,6.85,6.85,6.81
28.90,5.46,-1.34,5.46,-1.35,1.37,1.35,1.38,6.83,6.83,6.81
29.19,5.42,-1.39,5.42,-1.39,1.39,1.34,1.41,6.81,6.81,6.81
29.48,5.37,-1.43,5.38,-1.43,1.40,1.33,1.43,6.77,6.78,6.81
29.78,5.37,-1.45,5.36,-1.45,1.39,1.32,1.45,6.76,6.76,6.81
30.08,5.38,-1.44,5.39,-1.43,1.37,1.32,1.46,6.75,6.75,6.82
30.38,5.44,-1.39,5.45,-1.38,1.32,1.32,1.48,6.76,6.77,6.83
30.68,5.54,-1.30,5.54,-1.30,1.26,1.32,1.50,6.80,6.80,6.84
30.99,5.64,-1.19,5.64,-1.20,1.20,1.32,1.51,6.84,6.84,6.84
31.30,5.74,-1.10,5.74,-1.10,1.15,1.33,1.52,6.88,6.88,6.84
31.61,5.80,-1.04,5.79,-1.04,1.11,1.33,1.54,6.91,6.91,6.83
31.93,5.81,-1.02,5.80,-1.03,1.11,1.34,1.55,6.92,6.91,6.83
32.24,5.76,-1.07,5.76,-1.07,1.14,1.35,1.56,6.90,6.90,6.83
32.57,5.68,-1.15,5.67,-1.16,1.19,1.36,1.56,6.87,6.87,6.83
32.89,5.56,-1.28,5.56,-1.27,1.26,1.37,1.57,6.82,6.83,6.84
33.22,5.45,-1.39,5.45,-1.39,1.34,1.38,1.58,6.79,6.79,6.84
33.55,5.35,-1.49,5.36,-1.48,1.42,1.40,1.58,6.77,6.78,6.85
33.89,5.30,-1.54,5.31,-1.53,1.48,1.41,1.59,6.78,6.79,6.84
34.23,5.29,-1.55,5.29,-1.55,1.52,1.43,1.59,6.81,6.81,6.84
34.57,5.29,-1.54,5.29,-1.54,1.54,1.44,1.60,6.83,6.83,6.83
34.92,5.31,-1.52,5.31,-1.52,1.53,1.46,1.60,6.84,6.84,6.83
35.27,5.33,-1.50,5.33,-1.50,1.51,1.47,1.60,6.84,6.84,6.83
35.62,5.35,-1.48,5.35,-1.48,1.47,1.49,1.60,6.83,6.83,6.83
35.97,5.38,-1.46,5.38,-1.45,1.44,1.51,1.61,6.82,6.82,6.84
36.33,5.41,-1.42,5.41,-1.42,1.42,1.53,1.61,6.83,6.83,6.84
36.70,5.44,-1.39,5.44,-1.39,1.41,1.54,1.61,6.85,6.85,6.83
37.06,5.46,-1.38,5.45,-1.38,1.42,1.56,1.61,6.87,6.87,6.83
37.43,5.44,-1.39,5.44,-1.40,1.44,1.58,1.62,6.88,6.88,6.84
37.81,5.38,-1.45,5.39,-1.45,1.48,1.60,1.62,6.86,6.86,6.84
38.19,5.31,-1.52,5.31,-1.53,1.53,1.62,1.62,6.84,6.84,6.84
38.57,5.22,-1.61,5.22,-1.61,1.60,1.64,1.63,6.82,6.82,6.83
38.95,5.13,-1.69,5.13,-1.69,1.68,1.66,1.64,6.81,6.81,6.82
39.34,5.04,-1.77,5.04,-1.77,1.77,1.68,1.64,6.81,6.81,6.81
39.74,4.97,-1.84,4.97,-1.84,1.85,1.70,1.65,6.81,6.81,6.81
40.14,4.90,-1.91,4.90,-1.92,1.92,1.72,1.66,6.82,6.82,6.81
40.54,4.83,-1.99,4.83,-1.98,1.98,1.74,1.67,6.81,6.81,6.82
40.94,4.78,-2.04,4.78,-2.04,2.02,1.76,1.68,6.80,6.80,6.82
41.35,4.75,-2.07,4.75,-2.07,2.04,1.78,1.69,6.79,6.79,6.82
41.76,4.74,-2.08,4.74,-2.07,2.04,1.80,1.70,6.77,6.78,6.81
42.18,4.77,-2.04,4.77,-2.05,2.02,1.82,1.72,6.79,6.79,6.81
42.60,4.81,-2.00,4.81,-2.00,1.98,1.84,1.73,6.80,6.80,6.81
43.03,4.87,-1.94,4.87,-1.94,1.94,1.86,1.75,6.81,6.81,6.82
43.46,4.92,-1.88,4.92,-1.88,1.90,1.88,1.77,6.82,6.82,6.81
43.90,4.96,-1.83,4.96,-1.83,1.87,1.90,1.79,6.83,6.83,6.79
44.33,4.98,-1.79,4.98,-1.80,1.84,1.92,1.81,6.82,6.82,6.78
44.78,4.97,-1.80,4.97,-1.80,1.84,1.94,1.83,6.81,6.81,6.77
45.23,4.95,-1.83,4.95,-1.83,1.85,1.96,1.85,6.80,6.80,6.78
45.68,4.91,-1.88,4.91,-1.87,1.87,1.99,1.88,6.78,6.79,6.79
46.13,4.87,-1.92,4.87,-1.92,1.91,2.01,1.90,6.78,6.78,6.79
46.60,4.83,-1.96,4.83,-1.96,1.95,2.03,1.93,6.78,6.78,6.79
47.06,4.78,-2.00,4.78,-2.00,1.99,2.05,1.96,6.78,6.78,6.79
47.53,4.74,-2.04,4.74,-2.04,2.03,2.07,1.99,6.77,6.77,6.79
48.01,4.70,-2.08,4.70,-2.08,2.07,2.10,2.02,6.77,6.77,6.78
48.49,4.67,-2.11,4.67,-2.11,2.10,2.12,2.05,6.76,6.76,6.77
48.97,4.64,-2.12,4.64,-2.12,2.12,2.14,2.09,6.76,6.76,6.76
49.46,4.62,-2.14,4.62,-2.14,2.15,2.16,2.12,6.76,6.77,6.76
49.96,4.60,-2.15,4.60,-2.16,2.17,2.18,2.16,6.77,6.77,6.76
50.46,4.57,-2.18,4.57,-2.18,2.19,2.21,2.19,6.76,6.76,6.75
50.96,4.54,-2.21,4.54,-2.21,2.21,2.23,2.23,6.75,6.75,6.75
51.47,4.50,-2.24,4.50,-2.24,2.23,2.25,2.27,6.73,6.73,6.74
51.99,4.46,-2.27,4.46,-2.26,2.26,2.27,2.31,6.72,6.72,6.73
52.51,4.43,-2.29,4.43,-2.29,2.28,2.29,2.35,6.71,6.71,6.72
53.03,4.40,-2.31,4.40,-2.31,2.31,2.32,2.38,6.71,6.71,6.71
53.56,4.38,-2.32,4.38,-2.32,2.33,2.34,2.42,6.71,6.71,6.71
54.10,4.36,-2.34,4.36,-2.35,2.36,2.36,2.46,6.71,6.71,6.70
54.64,4.33,-2.37,4.33,-2.37,2.38,2.38,2.50,6.71,6.70,6.70
55.18,4.30,-2.40,4.30,-2.40,2.39,2.41,2.54,6.69,6.69,6.69
55.74,4.26,-2.42,4.27,-2.42,2.41,2.43,2.57,6.67,6.67,6.69
56.29,4.24,-2.44,4.24,-2.44,2.42,2.45,2.61,6.66,6.66,6.68
56.86,4.23,-2.45,4.23,-2.45,2.43,2.48,2.64,6.66,6.66,6.68
57.42,4.22,-2.45,4.22,-2.45,2.45,2.50,2.68,6.67,6.67,6.67
58.00,4.22,-2.45,4.21,-2.45,2.46,2.52,2.71,6.68,6.68,6.66
58.58,4.19,-2.46,4.19,-2.46,2.48,2.55,2.74,6.67,6.67,6.65
59.16,4.16,-2.48,4.16,-2.48,2.50,2.57,2.77,6.67,6.66,6.64
59.76,4.12,-2.52,4.12,-2.52,2.53,2.59,2.79,6.65,6.65,6.64
60.35,4.07,-2.57,4.07,-2.57,2.56,2.61,2.82,6.63,6.63,6.64
60.96,4.02,-2.61,4.02,-2.61,2.60,2.64,2.84,6.62,6.62,6.63
61.57,3.97,-2.65,3.97,-2.65,2.64,2.66,2.86,6.61,6.61,6.63
62.18,3.92,-2.68,3.92,-2.69,2.68,2.68,2.88,6.60,6.60,6.61
62.80,3.88,-2.72,3.88,-2.72,2.72,2.71,2.89,6.60,6.60,6.59
63.43,3.83,-2.75,3.83,-2.75,2.76,2.73,2.90,6.59,6.59,6.58
64.07,3.79,-2.79,3.79,-2.79,2.79,2.76,2.91,6.58,6.58,6.58
64.71,3.75,-2.82,3.75,-2.82,2.82,2.78,2.92,6.57,6.56,6.57
65.35,3.71,-2.85,3.71,-2.85,2.84,2.80,2.93,6.55,6.55,6.56
66.01,3.67,-2.88,3.67,-2.88,2.87,2.83,2.93,6.54,6.54,6.55
66.67,3.64,-2.90,3.64,-2.90,2.90,2.85,2.93,6.53,6.53,6.54
67.33,3.61,-2.92,3.61,-2.92,2.92,2.87,2.94,6.53,6.53,6.53
68.01,3.58,-2.94,3.57,-2.94,2.95,2.90,2.93,6.52,6.52,6.51
68.69,3.54,-2.97,3.54,-2.97,2.98,2.92,2.93,6.52,6.52,6.51
69.37,3.50,-3.00,3.50,-3.00,3.01,2.95,2.93,6.51,6.51,6.50
70.07,3.45,-3.03,3.45,-3.03,3.04,2.97,2.93,6.50,6.49,6.49
70.77,3.40,-3.07,3.40,-3.07,3.07,2.99,2.92,6.48,6.48,6.47
71.48,3.35,-3.11,3.35,-3.11,3.11,3.02,2.92,6.46,6.46,6.46
72.19,3.30,-3.15,3.30,-3.15,3.13,3.04,2.91,6.44,6.44,6.45
72.91,3.26,-3.18,3.26,-3.17,3.16,3.06,2.91,6.42,6.42,6.44
73.64,3.23,-3.19,3.23,-3.19,3.18,3.09,2.90,6.41,6.41,6.42
74.38,3.21,-3.20,3.21,-3.20,3.19,3.11,2.90,6.40,6.40,6.41
75.12,3.20,-3.20,3.20,-3.20,3.20,3.14,2.90,6.40,6.40,6.39
75.87,3.18,-3.20,3.18,-3.20,3.21,3.16,2.89,6.39,6.39,6.38
76.63,3.16,-3.21,3.16,-3.21,3.21,3.18,2.89,6.38,6.38,6.37
77.40,3.14,-3.21,3.14,-3.21,3.22,3.21,2.89,6.36,6.36,6.35
78.17,3.12,-3.22,3.12,-3.22,3.22,3.23,2.89,6.34,6.34,6.34
78.95,3.09,-3.23,3.09,-3.24,3.23,3.25,2.90,6.32,6.32,6.32
79.74,3.06,-3.25,3.06,-3.25,3.24,3.28,2.90,6.31,6.31,6.31
80.54,3.03,-3.26,3.03,-3.26,3.26,3.30,2.91,6.29,6.29,6.30
81.35,3.00,-3.27,3.00,-3.28,3.28,3.32,2.92,6.28,6.28,6.28
82.16,2.97,-3.29,2.97,-3.29,3.30,3.34,2.93,6.27,6.27,6.27
82.98,2.93,-3.31,2.93,-3.31,3.32,3.37,2.94,6.26,6.26,6.25
83.81,2.89,-3.34,2.89,-3.34,3.35,3.39,2.96,6.25,6.24,6.23
84.65,2.84,-3.38,2.84,-3.38,3.39,3.41,2.97,6.22,6.22,6.21
85.50,2.78,-3.42,2.78,-3.42,3.42,3.43,2.99,6.20,6.20,6.19
86.35,2.71,-3.46,2.71,-3.46,3.45,3.45,3.01,6.17,6.17,6.18
87.22,2.66,-3.50,2.66,-3.50,3.49,3.48,3.04,6.14,6.14,6.16
88.09,2.61,-3.53,2.61,-3.53,3.51,3.50,3.07,6.12,6.12,6.14
88.97,2.57,-3.55,2.57,-3.55,3.54,3.52,3.09,6.11,6.11,6.12
89.86,2.54,-3.56,2.54,-3.56,3.55,3.54,3.13,6.10,6.10,6.10
90.76,2.52,-3.56,2.52,-3.56,3.57,3.56,3.16,6.09,6.09,6.08
91.66,2.49,-3.57,2.49,-3.57,3.58,3.58,3.20,6.07,6.07,6.06
92.58,2.45,-3.58,2.45,-3.59,3.60,3.59,3.23,6.05,6.05,6.04
93.51,2.41,-3.60,2.42,-3.60,3.61,3.61,3.27,6.02,6.02,6.02
94.44,2.37,-3.62,2.37,-3.62,3.62,3.63,3.32,6.00,6.00,6.00
95.39,2.33,-3.64,2.33,-3.64,3.64,3.65,3.36,5.97,5.97,5.97
96.34,2.29,-3.65,2.29,-3.65,3.65,3.66,3.41,5.94,5.94,5.95
97.30,2.26,-3.67,2.26,-3.67,3.66,3.68,3.46,5.92,5.92,5.92
98.28,2.22,-3.68,2.22,-3.68,3.67,3.70,3.51,5.90,5.90,5.90
99.26,2.19,-3.68,2.19,-3.68,3.68,3.71,3.56,5.87,5.87,5.87
100.25,2.16,-3.69,2.16,-3.69,3.69,3.72,3.61,5.85,5.85,5.85
101.25,2.12,-3.69,2.12,-3.70,3.70,3.74,3.67,5.82,5.82,5.82
102.27,2.09,-3.70,2.09,-3.71,3.71,3.75,3.72,5.80,5.80,5.79
103.29,2.05,-3.72,2.05,-3.72,3.72,3.76,3.78,5.77,5.77,5.77
104.32,2.01,-3.73,2.01,-3.73,3.73,3.77,3.83,5.74,5.74,5.74
105.37,1.97,-3.74,1.97,-3.74,3.74,3.78,3.89,5.71,5.71,5.71
106.42,1.93,-3.75,1.93,-3.75,3.75,3.79,3.94,5.68,5.68,5.68
107.48,1.89,-3.77,1.89,-3.76,3.76,3.80,4.00,5.65,5.65,5.65
108.56,1.85,-3.77,1.85,-3.77,3.77,3.81,4.05,5.62,5.62,5.62
109.64,1.81,-3.78,1.81,-3.78,3.78,3.81,4.10,5.59,5.59,5.59
110.74,1.77,-3.79,1.77,-3.79,3.79,3.82,4.15,5.55,5.55,5.55
111.85,1.73,-3.79,1.73,-3.79,3.79,3.82,4.20,5.52,5.52,5.52
112.97,1.69,-3.80,1.69,-3.80,3.79,3.83,4.24,5.48,5.48,5.49
114.10,1.66,-3.80,1.66,-3.79,3.79,3.83,4.29,5.45,5.45,5.45
115.24,1.63,-3.79,1.63,-3.79,3.79,3.83,4.32,5.42,5.42,5.42
116.39,1.60,-3.78,1.60,-3.78,3.79,3.83,4.36,5.39,5.39,5.38
117.55,1.57,-3.77,1.57,-3.77,3.79,3.83,4.38,5.36,5.35,5.34
118.73,1.53,-3.78,1.53,-3.78,3.79,3.83,4.41,5.32,5.32,5.30
119.92,1.48,-3.79,1.48,-3.78,3.79,3.83,4.42,5.27,5.27,5.27
121.12,1.44,-3.79,1.44,-3.79,3.79,3.82,4.44,5.23,5.23,5.23
122.33,1.39,-3.80,1.39,-3.80,3.79,3.82,4.44,5.18,5.18,5.19
123.55,1.35,-3.80,1.35,-3.80,3.79,3.81,4.45,5.14,5.14,5.15
124.79,1.32,-3.79,1.32,-3.79,3.78,3.80,4.44,5.10,5.10,5.10
126.03,1.29,-3.77,1.29,-3.77,3.77,3.79,4.43,5.06,5.06,5.06
127.29,1.26,-3.76,1.26,-3.75,3.75,3.78,4.41,5.01,5.01,5.02
128.57,1.24,-3.73,1.24,-3.73,3.73,3.77,4.38,4.97,4.97,4.97
129.85,1.22,-3.71,1.22,-3.71,3.71,3.76,4.35,4.93,4.93,4.93
131.15,1.20,-3.69,1.20,-3.69,3.69,3.75,4.32,4.89,4.89,4.89
132.46,1.17,-3.67,1.17,-3.67,3.68,3.73,4.27,4.85,4.85,4.84
133.79,1.14,-3.66,1.14,-3.65,3.66,3.71,4.23,4.80,4.80,4.80
135.12,1.10,-3.64,1.10,-3.64,3.64,3.70,4.17,4.75,4.75,4.75
136.48,1.06,-3.63,1.06,-3.63,3.63,3.68,4.12,4.69,4.69,4.69
137.84,1.02,-3.62,1.02,-3.62,3.62,3.66,4.05,4.64,4.64,4.64
139.22,0.98,-3.61,0.98,-3.60,3.60,3.64,3.99,4.58,4.58,4.58
140.61,0.94,-3.59,0.94,-3.59,3.59,3.61,3.92,4.53,4.53,4.53
142.02,0.90,-3.58,0.90,-3.58,3.58,3.59,3.85,4.48,4.48,4.48
143.44,0.86,-3.56,0.86,-3.56,3.56,3.56,3.77,4.43,4.43,4.43
144.87,0.83,-3.54,0.83,-3.54,3.54,3.54,3.70,4.37,4.37,4.37
146.32,0.79,-3.52,0.79,-3.52,3.52,3.51,3.62,4.31,4.31,4.31
147.78,0.75,-3.51,0.75,-3.50,3.50,3.48,3.54,4.25,4.25,4.25
149.26,0.71,-3.48,0.71,-3.48,3.48,3.45,3.46,4.19,4.19,4.20
150.75,0.68,-3.46,0.68,-3.46,3.45,3.42,3.38,4.13,4.13,4.13
152.26,0.65,-3.43,0.65,-3.43,3.42,3.39,3.30,4.07,4.07,4.07
153.78,0.62,-3.39,0.62,-3.39,3.39,3.36,3.22,4.01,4.01,4.01
155.32,0.59,-3.36,0.59,-3.36,3.35,3.32,3.14,3.95,3.95,3.95
156.88,0.57,-3.32,0.57,-3.32,3.32,3.29,3.06,3.89,3.89,3.88
158.44,0.54,-3.28,0.54,-3.28,3.29,3.25,2.98,3.82,3.82,3.82
160.03,0.50,-3.24,0.50,-3.24,3.25,3.21,2.90,3.76,3.76,3.75
161.63,0.47,-3.21,0.47,-3.21,3.22,3.17,2.83,3.69,3.69,3.68
163.24,0.43,-3.19,0.43,-3.19,3.19,3.13,2.75,3.62,3.62,3.62
164.88,0.39,-3.16,0.39,-3.16,3.16,3.09,2.68,3.55,3.55,3.55
166.53,0.35,-3.14,0.35,-3.13,3.13,3.05,2.60,3.48,3.48,3.48
168.19,0.30,-3.11,0.30,-3.11,3.10,3.01,2.53,3.41,3.41,3.41
169.87,0.26,-3.07,0.26,-3.08,3.07,2.97,2.46,3.33,3.33,3.33
171.57,0.22,-3.04,0.22,-3.04,3.04,2.92,2.39,3.26,3.26,3.27
173.29,0.18,-3.01,0.18,-3.01,3.01,2.87,2.33,3.19,3.19,3.20
175.02,0.15,-2.97,0.15,-2.97,2.97,2.83,2.26,3.12,3.12,3.12
176.77,0.11,-2.93,0.11,-2.93,2.93,2.78,2.20,3.05,3.05,3.05
178.54,0.08,-2.89,0.08,-2.89,2.90,2.73,2.14,2.97,2.97,2.97
180.32,0.04,-2.85,0.04,-2.85,2.86,2.68,2.08,2.90,2.90,2.89
182.13,0.00,-2.81,0.00,-2.81,2.81,2.63,2.02,2.82,2.82,2.81
183.95,-0.03,-2.77,-0.03,-2.77,2.77,2.58,1.96,2.74,2.74,2.73
185.79,-0.06,-2.72,-0.06,-2.72,2.71,2.53,1.91,2.65,2.65,2.66
187.65,-0.09,-2.66,-0.08,-2.66,2.65,2.48,1.85,2.57,2.57,2.58
189.52,-0.10,-2.60,-0.10,-2.60,2.58,2.42,1.80,2.48,2.49,2.50
191.42,-0.10,-2.51,-0.10,-2.52,2.50,2.37,1.75,2.40,2.41,2.42
193.33,-0.09,-2.42,-0.09,-2.42,2.41,2.31,1.70,2.33,2.33,2.34
195.27,-0.07,-2.32,-0.07,-2.32,2.32,2.26,1.65,2.25,2.25,2.26
197.22,-0.04,-2.22,-0.04,-2.22,2.22,2.20,1.61,2.18,2.18,2.18
199.19,-0.01,-2.11,-0.02,-2.11,2.12,2.14,1.56,2.10,2.10,2.10
201.18,0.01,-2.01,0.01,-2.01,2.02,2.09,1.52,2.02,2.02,2.01
203.19,0.02,-1.90,0.02,-1.91,1.92,2.03,1.48,1.94,1.94,1.93
205.23,0.02,-1.82,0.02,-1.82,1.83,1.97,1.44,1.85,1.85,1.85
207.28,0.02,-1.74,0.02,-1.74,1.75,1.91,1.40,1.77,1.77,1.76
209.35,0.01,-1.67,0.01,-1.67,1.67,1.85,1.36,1.68,1.68,1.68
211.44,-0.01,-1.60,-0.01,-1.60,1.60,1.79,1.32,1.60,1.60,1.59
213.56,-0.03,-1.54,-0.03,-1.54,1.54,1.72,1.29,1.51,1.51,1.51
215.69,-0.06,-1.49,-0.06,-1.49,1.48,1.66,1.25,1.43,1.43,1.43
217.85,-0.08,-1.43,-0.08,-1.43,1.43,1.60,1.22,1.34,1.34,1.34
220.03,-0.11,-1.38,-0.11,-1.37,1.37,1.54,1.19,1.26,1.26,1.27
222.23,-0.14,-1.32,-0.14,-1.32,1.32,1.47,1.15,1.18,1.18,1.18
224.45,-0.17,-1.26,-0.17,-1.27,1.26,1.41,1.12,1.10,1.10,1.10
226.70,-0.19,-1.21,-0.19,-1.21,1.21,1.35,1.09,1.02,1.02,1.02
228.96,-0.22,-1.16,-0.22,-1.16,1.16,1.28,1.06,0.93,0.93,0.94
231.25,-0.25,-1.10,-0.25,-1.10,1.10,1.22,1.04,0.85,0.85,0.85
233.57,-0.28,-1.05,-0.28,-1.05,1.05,1.15,1.01,0.77,0.77,0.77
235.90,-0.30,-0.99,-0.30,-0.99,0.99,1.09,0.98,0.69,0.69,0.69
238.26,-0.33,-0.94,-0.33,-0.94,0.94,1.03,0.95,0.61,0.61,0.61
240.64,-0.35,-0.88,-0.35,-0.88,0.88,0.96,0.93,0.54,0.54,0.53
243.05,-0.37,-0.83,-0.37,-0.83,0.83,0.90,0.90,0.46,0.46,0.45
245.48,-0.40,-0.78,-0.40,-0.78,0.78,0.84,0.88,0.38,0.38,0.38
247.93,-0.43,-0.73,-0.43,-0.73,0.73,0.77,0.85,0.30,0.30,0.31
250.41,-0.45,-0.69,-0.45,-0.68,0.68,0.71,0.83,0.23,0.23,0.23
252.92,-0.48,-0.63,-0.48,-0.63,0.63,0.65,0.81,0.15,0.15,0.16
255.45,-0.50,-0.58,-0.50,-0.58,0.58,0.59,0.78,0.08,0.08,0.08
258.00,-0.52,-0.53,-0.52,-0.53,0.53,0.53,0.76,0.01,0.01,0.01
260.58,-0.54,-0.48,-0.54,-0.48,0.49,0.48,0.74,-0.05,-0.05,-0.06
263.19,-0.56,-0.44,-0.56,-0.44,0.44,0.42,0.72,-0.12,-0.12,-0.12
265.82,-0.58,-0.39,-0.58,-0.39,0.39,0.37,0.70,-0.18,-0.18,-0.18
268.48,-0.60,-0.35,-0.60,-0.35,0.35,0.31,0.68,-0.25,-0.25,-0.25
271.16,-0.62,-0.31,-0.62,-0.31,0.31,0.26,0.66,-0.31,-0.31,-0.31
273.87,-0.64,-0.27,-0.64,-0.27,0.27,0.21,0.64,-0.37,-0.37,-0.37
276.61,-0.66,-0.22,-0.66,-0.22,0.22,0.17,0.62,-0.43,-0.43,-0.43
279.38,-0.67,-0.18,-0.67,-0.18,0.19,0.12,0.60,-0.49,-0.49,-0.49
282.17,-0.69,-0.15,-0.69,-0.15,0.15,0.08,0.58,-0.54,-0.54,-0.54
284.99,-0.71,-0.11,-0.71,-0.11,0.11,0.04,0.56,-0.59,-0.60,-0.59
287.84,-0.73,-0.08,-0.73,-0.08,0.08,0.00,0.54,-0.65,-0.65,-0.65
290.72,-0.75,-0.05,-0.75,-0.05,0.05,-0.04,0.52,-0.70,-0.70,-0.70
293.63,-0.77,-0.02,-0.77,-0.02,0.02,-0.07,0.50,-0.75,-0.75,-0.75
296.57,-0.79,0.01,-0.79,0.01,-0.01,-0.10,0.48,-0.80,-0.80,-0.80
299.53,-0.81,0.04,-0.81,0.03,-0.04,-0.12,0.47,-0.84,-0.84,-0.84
302.53,-0.82,0.06,-0.82,0.06,-0.06,-0.15,0.45,-0.89,-0.89,-0.88
305.55,-0.84,0.08,-0.84,0.09,-0.09,-0.17,0.43,-0.93,-0.93,-0.92
308.61,-0.85,0.11,-0.85,0.11,-0.11,-0.19,0.42,-0.97,-0.97,-0.97
311.69,-0.87,0.14,-0.87,0.14,-0.14,-0.21,0.40,-1.01,-1.01,-1.01
314.81,-0.89,0.16,-0.89,0.16,-0.16,-0.22,0.38,-1.04,-1.04,-1.04
317.96,-0.90,0.18,-0.90,0.18,-0.18,-0.23,0.37,-1.08,-1.08,-1.08
321.14,-0.92,0.20,-0.92,0.20,-0.20,-0.25,0.35,-1.11,-1.11,-1.12
324.35,-0.93,0.21,-0.93,0.21,-0.22,-0.25,0.33,-1.15,-1.15,-1.14
327.59,-0.94,0.23,-0.94,0.23,-0.23,-0.26,0.32,-1.17,-1.18,-1.17
330.87,-0.96,0.25,-0.96,0.24,-0.24,-0.26,0.30,-1.20,-1.20,-1.20
334.18,-0.97,0.26,-0.97,0.26,-0.26,-0.26,0.29,-1.23,-1.23,-1.23
337.52,-0.99,0.27,-0.99,0.27,-0.27,-0.26,0.27,-1.25,-1.25,-1.25
340.90,-1.00,0.27,-1.00,0.27,-0.28,-0.26,0.26,-1.28,-1.28,-1.27
344.30,-1.01,0.28,-1.02,0.28,-0.28,-0.26,0.24,-1.30,-1.30,-1.30
347.75,-1.03,0.29,-1.03,0.29,-0.29,-0.26,0.23,-1.32,-1.32,-1.32
351.23,-1.04,0.29,-1.04,0.29,-0.29,-0.25,0.21,-1.33,-1.33,-1.34
354.74,-1.06,0.30,-1.06,0.29,-0.29,-0.25,0.20,-1.35,-1.35,-1.35
358.28,-1.07,0.29,-1.07,0.29,-0.30,-0.24,0.18,-1.37,-1.37,-1.36
361.87,-1.09,0.29,-1.09,0.29,-0.30,-0.23,0.17,-1.38,-1.38,-1.37
365.49,-1.10,0.30,-1.10,0.30,-0.30,-0.23,0.16,-1.39,-1.39,-1.40
369.14,-1.11,0.30,-1.11,0.30,-0.30,-0.22,0.14,-1.41,-1.41,-1.42
372.83,-1.12,0.30,-1.12,0.30,-0.29,-0.21,0.13,-1.42,-1.42,-1.42
376.56,-1.14,0.29,-1.14,0.29,-0.29,-0.20,0.11,-1.43,-1.43,-1.42
380.33,-1.15,0.29,-1.15,0.29,-0.29,-0.19,0.10,-1.44,-1.44,-1.44
384.13,-1.16,0.28,-1.16,0.28,-0.28,-0.18,0.08,-1.44,-1.44,-1.44
387.97,-1.17,0.28,-1.17,0.28,-0.28,-0.17,0.07,-1.45,-1.45,-1.45
391.85,-1.18,0.28,-1.18,0.27,-0.27,-0.16,0.06,-1.45,-1.45,-1.45
395.77,-1.19,0.27,-1.19,0.27,-0.27,-0.15,0.04,-1.46,-1.46,-1.46
399.73,-1.20,0.26,-1.20,0.26,-0.26,-0.14,0.03,-1.46,-1.46,-1.46
403.72,-1.21,0.26,-1.21,0.26,-0.25,-0.13,0.02,-1.46,-1.46,-1.46
407.76,-1.22,0.25,-1.22,0.25,-0.25,-0.13,0.00,-1.47,-1.47,-1.47
411.84,-1.23,0.24,-1.23,0.24,-0.24,-0.12,-0.01,-1.47,-1.47,-1.47
415.96,-1.24,0.23,-1.24,0.23,-0.23,-0.11,-0.02,-1.47,-1.47,-1.47
420.12,-1.25,0.22,-1.25,0.22,-0.22,-0.10,-0.04,-1.47,-1.47,-1.46
424.32,-1.26,0.21,-1.26,0.21,-0.21,-0.09,-0.05,-1.47,-1.47,-1.47
428.56,-1.27,0.20,-1.27,0.20,-0.20,-0.09,-0.06,-1.47,-1.47,-1.47
432.85,-1.28,0.19,-1.28,0.20,-0.20,-0.08,-0.08,-1.47,-1.47,-1.47
437.18,-1.28,0.19,-1.28,0.19,-0.19,-0.07,-0.09,-1.48,-1.48,-1.48
441.55,-1.29,0.19,-1.29,0.19,-0.19,-0.07,-0.10,-1.48,-1.48,-1.48
445.96,-1.29,0.18,-1.29,0.18,-0.18,-0.06,-0.11,-1.48,-1.48,-1.48
450.42,-1.30,0.17,-1.30,0.17,-0.17,-0.06,-0.12,-1.47,-1.47,-1.47
454.93,-1.30,0.17,-1.30,0.17,-0.16,-0.05,-0.14,-1.47,-1.47,-1.47
459.48,-1.31,0.16,-1.31,0.16,-0.15,-0.05,-0.15,-1.46,-1.46,-1.47
464.07,-1.32,0.14,-1.32,0.14,-0.13,-0.04,-0.16,-1.45,-1.45,-1.46
468.71,-1.32,0.12,-1.32,0.12,-0.11,-0.04,-0.17,-1.44,-1.44,-1.44
473.40,-1.33,0.09,-1.33,0.09,-0.09,-0.03,-0.18,-1.42,-1.42,-1.42
478.13,-1.34,0.06,-1.34,0.06,-0.06,-0.03,-0.19,-1.40,-1.40,-1.40
482.91,-1.34,0.03,-1.34,0.03,-0.04,-0.03,-0.20,-1.38,-1.38,-1.38
487.74,-1.35,0.00,-1.35,0.01,-0.01,-0.03,-0.21,-1.36,-1.36,-1.35
492.62,-1.36,-0.02,-1.36,-0.02,0.01,-0.02,-0.22,-1.35,-1.35,-1.34
497.55,-1.36,-0.03,-1.36,-0.03,0.03,-0.02,-0.23,-1.34,-1.34,-1.33
502.52,-1.37,-0.05,-1.37,-0.04,0.04,-0.02,-0.24,-1.33,-1.33,-1.32
507.55,-1.37,-0.05,-1.37,-0.05,0.05,-0.02,-0.25,-1.32,-1.32,-1.32
512.62,-1.37,-0.05,-1.37,-0.05,0.05,-0.02,-0.25,-1.32,-1.32,-1.32
517.75,-1.37,-0.05,-1.37,-0.05,0.06,-0.02,-0.26,-1.31,-1.31,-1.32
522.93,-1.38,-0.05,-1.38,-0.06,0.06,-0.02,-0.27,-1.31,-1.31,-1.32
528.16,-1.38,-0.06,-1.38,-0.06,0.07,-0.02,-0.28,-1.31,-1.31,-1.32
533.44,-1.39,-0.07,-1.39,-0.07,0.07,-0.02,-0.28,-1.31,-1.31,-1.32
538.77,-1.39,-0.08,-1.39,-0.08,0.08,-0.02,-0.29,-1.32,-1.32,-1.31
544.16,-1.40,-0.09,-1.40,-0.09,0.08,-0.02,-0.30,-1.32,-1.32,-1.31
549.60,-1.40,-0.09,-1.40,-0.09,0.08,-0.02,-0.30,-1.32,-1.32,-1.31
555.10,-1.40,-0.09,-1.40,-0.09,0.09,-0.02,-0.31,-1.32,-1.31,-1.31
560.65,-1.40,-0.08,-1.40,-0.09,0.09,-0.03,-0.32,-1.31,-1.31,-1.32
566.25,-1.40,-0.08,-1.40,-0.08,0.09,-0.03,-0.32,-1.31,-1.31,-1.32
571.92,-1.40,-0.09,-1.41,-0.09,0.09,-0.03,-0.33,-1.32,-1.32,-1.32
577.64,-1.41,-0.09,-1.41,-0.09,0.09,-0.03,-0.34,-1.32,-1.32,-1.32
583.41,-1.41,-0.09,-1.41,-0.09,0.09,-0.04,-0.34,-1.32,-1.32,-1.32
589.25,-1.41,-0.09,-1.41,-0.09,0.09,-0.04,-0.35,-1.32,-1.32,-1.31
595.14,-1.40,-0.09,-1.40,-0.09,0.09,-0.04,-0.36,-1.32,-1.32,-1.31
601.09,-1.40,-0.08,-1.40,-0.09,0.09,-0.05,-0.36,-1.31,-1.31,-1.32
607.10,-1.40,-0.08,-1.40,-0.08,0.08,-0.05,-0.37,-1.31,-1.31,-1.31
613.17,-1.39,-0.08,-1.39,-0.08,0.08,-0.06,-0.38,-1.32,-1.32,-1.31
619.30,-1.39,-0.07,-1.39,-0.07,0.07,-0.06,-0.39,-1.32,-1.32,-1.32
625.50,-1.39,-0.06,-1.39,-0.06,0.06,-0.07,-0.39,-1.32,-1.32,-1.32
631.75,-1.38,-0.06,-1.38,-0.06,0.06,-0.07,-0.40,-1.32,-1.32,-1.32
638.07,-1.38,-0.05,-1.38,-0.05,0.05,-0.08,-0.41,-1.33,-1.33,-1.33
644.45,-1.37,-0.04,-1.37,-0.04,0.04,-0.08,-0.42,-1.33,-1.33,-1.33
650.89,-1.37,-0.03,-1.37,-0.03,0.04,-0.09,-0.43,-1.33,-1.33,-1.33
657.40,-1.36,-0.03,-1.36,-0.03,0.03,-0.10,-0.44,-1.33,-1.33,-1.33
663.98,-1.35,-0.02,-1.35,-0.02,0.02,-0.10,-0.45,-1.33,-1.33,-1.33
670.62,-1.34,-0.01,-1.34,-0.01,0.01,-0.11,-0.46,-1.34,-1.34,-1.33
677.32,-1.33,0.01,-1.33,0.00,-0.00,-0.12,-0.47,-1.34,-1.34,-1.34
684.10,-1.33,0.02,-1.33,0.02,-0.02,-0.13,-0.48,-1.34,-1.34,-1.34
690.94,-1.32,0.03,-1.32,0.03,-0.03,-0.13,-0.50,-1.35,-1.35,-1.35
697.85,-1.31,0.05,-1.30,0.04,-0.04,-0.14,-0.51,-1.35,-1.35,-1.35
704.83,-1.29,0.06,-1.29,0.06,-0.06,-0.15,-0.52,-1.35,-1.35,-1.35
711.87,-1.28,0.07,-1.28,0.07,-0.08,-0.16,-0.53,-1.35,-1.35,-1.35
718.99,-1.26,0.09,-1.26,0.09,-0.09,-0.17,-0.55,-1.36,-1.36,-1.36
726.18,-1.25,0.11,-1.25,0.11,-0.11,-0.18,-0.56,-1.36,-1.36,-1.36
733.44,-1.23,0.13,-1.23,0.13,-0.13,-0.19,-0.58,-1.36,-1.36,-1.36
740.78,-1.21,0.16,-1.21,0.15,-0.15,-0.20,-0.59,-1.36,-1.36,-1.36
748.19,-1.19,0.17,-1.19,0.17,-0.17,-0.21,-0.61,-1.36,-1.36,-1.36
755.67,-1.17,0.19,-1.17,0.20,-0.20,-0.22,-0.62,-1.37,-1.37,-1.36
763.23,-1.15,0.22,-1.15,0.22,-0.22,-0.24,-0.64,-1.37,-1.37,-1.37
770.86,-1.12,0.25,-1.12,0.25,-0.24,-0.25,-0.65,-1.37,-1.37,-1.37
778.57,-1.10,0.27,-1.10,0.27,-0.27,-0.26,-0.67,-1.37,-1.37,-1.37
786.35,-1.07,0.28,-1.07,0.29,-0.29,-0.28,-0.69,-1.36,-1.36,-1.36
794.22,-1.04,0.31,-1.04,0.31,-0.32,-0.29,-0.71,-1.36,-1.36,-1.36
802.16,-1.01,0.34,-1.01,0.34,-0.34,-0.31,-0.72,-1.35,-1.35,-1.35
810.18,-0.98,0.37,-0.98,0.37,-0.37,-0.32,-0.74,-1.35,-1.35,-1.35
818.28,-0.94,0.40,-0.94,0.40,-0.40,-0.34,-0.76,-1.34,-1.34,-1.34
826.46,-0.91,0.43,-0.91,0.43,-0.43,-0.35,-0.77,-1.33,-1.33,-1.34
834.73,-0.87,0.46,-0.87,0.46,-0.46,-0.37,-0.79,-1.33,-1.33,-1.33
843.08,-0.83,0.48,-0.83,0.48,-0.49,-0.39,-0.81,-1.32,-1.32,-1.31
851.51,-0.79,0.51,-0.79,0.51,-0.52,-0.41,-0.82,-1.31,-1.31,-1.30
860.02,-0.75,0.55,-0.75,0.55,-0.55,-0.43,-0.84,-1.29,-1.29,-1.30
868.62,-0.70,0.58,-0.70,0.58,-0.58,-0.45,-0.86,-1.28,-1.28,-1.28
877.31,-0.65,0.61,-0.65,0.61,-0.61,-0.47,-0.87,-1.26,-1.26,-1.26
886.08,-0.60,0.64,-0.60,0.64,-0.64,-0.49,-0.88,-1.24,-1.24,-1.24
894.94,-0.54,0.67,-0.54,0.67,-0.68,-0.51,-0.90,-1.22,-1.22,-1.22
903.89,-0.49,0.71,-0.49,0.71,-0.71,-0.53,-0.91,-1.20,-1.20,-1.19
912.93,-0.42,0.74,-0.42,0.74,-0.75,-0.56,-0.92,-1.17,-1.17,-1.16
922.06,-0.36,0.77,-0.36,0.77,-0.78,-0.58,-0.93,-1.14,-1.14,-1.13
931.28,-0.29,0.81,-0.29,0.81,-0.80,-0.61,-0.94,-1.09,-1.09,-1.10
940.59,-0.23,0.84,-0.22,0.83,-0.82,-0.63,-0.94,-1.04,-1.04,-1.06
950.00,-0.17,0.85,-0.17,0.85,-0.83,-0.66,-0.95,-0.99,-0.99,-1.02
959.50,-0.12,0.85,-0.13,0.85,-0.82,-0.68,-0.95,-0.95,-0.95,-0.97
969.09,-0.10,0.83,-0.10,0.83,-0.82,-0.71,-0.95,-0.92,-0.92,-0.93
978.78,-0.08,0.81,-0.08,0.81,-0.81,-0.74,-0.95,-0.89,-0.89,-0.88
988.57,-0.05,0.78,-0.05,0.78,-0.80,-0.77,-0.95,-0.86,-0.85,-0.83
998.46,-0.01,0.77,-0.01,0.77,-0.80,-0.80,-0.95,-0.81,-0.80,-0.78
1008.44,0.06,0.77,0.05,0.77,-0.80,-0.82,-0.94,-0.74,-0.74,-0.72
1018.53,0.13,0.79,0.13,0.79,-0.80,-0.85,-0.93,-0.67,-0.67,-0.66
1028.71,0.22,0.82,0.22,0.81,-0.81,-0.88,-0.92,-0.60,-0.60,-0.60
1039.00,0.31,0.84,0.30,0.84,-0.83,-0.91,-0.91,-0.52,-0.52,-0.53
1049.39,0.39,0.86,0.39,0.86,-0.85,-0.93,-0.90,-0.45,-0.46,-0.46
1059.88,0.48,0.87,0.48,0.88,-0.87,-0.96,-0.88,-0.39,-0.39,-0.39
1070.48,0.57,0.89,0.57,0.89,-0.89,-0.98,-0.87,-0.32,-0.32,-0.32
1081.19,0.65,0.90,0.65,0.90,-0.90,-1.00,-0.85,-0.25,-0.25,-0.25
1092.00,0.74,0.92,0.74,0.92,-0.92,-1.03,-0.83,-0.18,-0.18,-0.18
1102.92,0.82,0.93,0.82,0.92,-0.93,-1.05,-0.80,-0.10,-0.10,-0.10
1113.95,0.91,0.93,0.91,0.93,-0.93,-1.06,-0.78,-0.03,-0.03,-0.03
1125.09,0.99,0.94,0.99,0.94,-0.94,-1.08,-0.76,0.05,0.05,0.05
1136.34,1.07,0.95,1.07,0.95,-0.95,-1.09,-0.73,0.12,0.12,0.12
1147.70,1.15,0.96,1.15,0.96,-0.96,-1.10,-0.71,0.20,0.20,0.20
1159.18,1.24,0.96,1.24,0.96,-0.96,-1.11,-0.68,0.27,0.27,0.27
1170.77,1.32,0.97,1.32,0.97,-0.97,-1.11,-0.65,0.35,0.35,0.35
1182.48,1.39,0.97,1.39,0.97,-0.97,-1.11,-0.62,0.42,0.42,0.42
1194.30,1.47,0.98,1.47,0.98,-0.98,-1.10,-0.59,0.50,0.50,0.50
1206.25,1.55,0.98,1.55,0.98,-0.98,-1.10,-0.56,0.57,0.57,0.57
1218.31,1.63,0.98,1.63,0.98,-0.98,-1.08,-0.53,0.64,0.64,0.65
1230.49,1.70,0.99,1.70,0.99,-0.99,-1.07,-0.50,0.72,0.72,0.72
1242.80,1.78,0.99,1.78,0.99,-0.98,-1.05,-0.47,0.79,0.79,0.79
1255.22,1.85,0.98,1.85,0.98,-0.98,-1.03,-0.44,0.87,0.87,0.87
1267.78,1.93,0.98,1.93,0.98,-0.98,-1.01,-0.40,0.95,0.95,0.95
1280.45,2.00,0.97,2.00,0.97,-0.97,-0.98,-0.37,1.03,1.03,1.03
1293.26,2.07,0.96,2.07,0.96,-0.96,-0.95,-0.34,1.12,1.12,1.12
1306.19,2.14,0.94,2.14,0.94,-0.94,-0.92,-0.31,1.20,1.20,1.20
1319.25,2.22,0.92,2.22,0.92,-0.92,-0.88,-0.27,1.30,1.30,1.29
1332.45,2.29,0.89,2.29,0.90,-0.89,-0.85,-0.24,1.39,1.39,1.39
1345.77,2.36,0.86,2.36,0.86,-0.86,-0.81,-0.21,1.50,1.50,1.49
1359.23,2.43,0.83,2.43,0.83,-0.83,-0.77,-0.18,1.60,1.60,1.60
1372.82,2.50,0.79,2.50,0.79,-0.79,-0.73,-0.14,1.71,1.71,1.71
1386.55,2.57,0.74,2.57,0.74,-0.74,-0.68,-0.11,1.83,1.83,1.83
1400.41,2.63,0.69,2.63,0.69,-0.69,-0.64,-0.08,1.94,1.94,1.94
1414.42,2.70,0.64,2.70,0.64,-0.64,-0.59,-0.04,2.07,2.07,2.07
1428.56,2.77,0.58,2.77,0.58,-0.58,-0.54,-0.01,2.19,2.19,2.19
1442.85,2.84,0.52,2.84,0.52,-0.52,-0.49,0.02,2.32,2.32,2.32
1457.28,2.91,0.46,2.91,0.46,-0.46,-0.44,0.06,2.44,2.44,2.44
1471.85,2.98,0.40,2.98,0.40,-0.40,-0.39,0.09,2.58,2.58,2.58
1486.57,3.05,0.34,3.05,0.34,-0.34,-0.34,0.12,2.71,2.71,2.71
1501.43,3.12,0.28,3.12,0.28,-0.28,-0.29,0.15,2.84,2.84,2.84
1516.45,3.19,0.22,3.19,0.22,-0.22,-0.24,0.19,2.97,2.97,2.97
1531.61,3.26,0.16,3.26,0.16,-0.16,-0.18,0.22,3.10,3.10,3.10
1546.93,3.33,0.10,3.33,0.10,-0.10,-0.13,0.25,3.23,3.23,3.23
1562.40,3.40,0.04,3.40,0.04,-0.04,-0.07,0.29,3.36,3.36,3.36
1578.02,3.47,-0.01,3.47,-0.01,0.01,-0.02,0.32,3.48,3.48,3.48
1593.80,3.54,-0.07,3.54,-0.06,0.06,0.04,0.35,3.61,3.61,3.61
1609.74,3.61,-0.12,3.61,-0.12,0.11,0.10,0.38,3.73,3.73,3.73
1625.84,3.69,-0.16,3.69,-0.16,0.16,0.15,0.41,3.85,3.85,3.85
1642.10,3.76,-0.21,3.76,-0.21,0.21,0.21,0.44,3.97,3.97,3.97
1658.52,3.83,-0.25,3.83,-0.25,0.25,0.27,0.47,4.08,4.08,4.08
1675.10,3.91,-0.29,3.91,-0.29,0.29,0.32,0.50,4.20,4.20,4.20
1691.85,3.98,-0.33,3.98,-0.33,0.33,0.37,0.53,4.32,4.32,4.32
1708.77,4.06,-0.37,4.06,-0.37,0.37,0.42,0.56,4.43,4.43,4.43
1725.86,4.14,-0.41,4.14,-0.41,0.41,0.47,0.58,4.55,4.55,4.55
1743.12,4.22,-0.45,4.22,-0.45,0.45,0.52,0.61,4.66,4.67,4.67
1760.55,4.30,-0.48,4.30,-0.48,0.48,0.56,0.63,4.78,4.78,4.78
1778.15,4.38,-0.52,4.38,-0.52,0.52,0.60,0.65,4.90,4.90,4.90
1795.94,4.46,-0.56,4.46,-0.56,0.56,0.64,0.67,5.02,5.02,5.02
1813.90,4.55,-0.60,4.55,-0.60,0.60,0.67,0.69,5.15,5.15,5.15
1832.03,4.63,-0.64,4.63,-0.64,0.64,0.70,0.71,5.27,5.27,5.27
1850.36,4.71,-0.68,4.71,-0.68,0.68,0.73,0.72,5.39,5.39,5.40
1868.86,4.80,-0.72,4.80,-0.72,0.72,0.75,0.74,5.52,5.52,5.52
1887.55,4.89,-0.76,4.89,-0.76,0.76,0.78,0.75,5.65,5.65,5.65
1906.42,4.97,-0.81,4.97,-0.80,0.80,0.80,0.75,5.78,5.78,5.78
1925.49,5.06,-0.84,5.06,-0.85,0.85,0.83,0.76,5.91,5.91,5.91
1944.74,5.15,-0.89,5.15,-0.89,0.89,0.86,0.76,6.04,6.04,6.04
1964.19,5.24,-0.93,5.24,-0.93,0.93,0.89,0.76,6.17,6.17,6.17
1983.83,5.33,-0.97,5.33,-0.97,0.97,0.92,0.76,6.30,6.30,6.30
2003.67,5.42,-1.02,5.42,-1.02,1.02,0.95,0.75,6.44,6.44,6.44
2023.71,5.51,-1.06,5.51,-1.06,1.06,0.98,0.74,6.57,6.57,6.57
2043.94,5.60,-1.10,5.60,-1.10,1.10,1.02,0.73,6.70,6.70,6.70
2064.38,5.69,-1.14,5.69,-1.14,1.14,1.06,0.72,6.83,6.83,6.83
2085.03,5.79,-1.18,5.79,-1.18,1.18,1.10,0.70,6.96,6.96,6.97
2105.88,5.88,-1.21,5.88,-1.21,1.21,1.14,0.68,7.09,7.09,7.09
2126.94,5.98,-1.24,5.98,-1.24,1.24,1.18,0.66,7.21,7.22,7.21
2148.20,6.07,-1.27,6.07,-1.26,1.27,1.22,0.63,7.33,7.33,7.33
2169.69,6.16,-1.29,6.16,-1.29,1.29,1.25,0.60,7.45,7.45,7.45
2191.38,6.26,-1.30,6.26,-1.30,1.30,1.28,0.57,7.56,7.56,7.56
2213.30,6.35,-1.31,6.35,-1.31,1.31,1.30,0.54,7.66,7.66,7.66
2235.43,6.44,-1.31,6.44,-1.31,1.31,1.31,0.51,7.75,7.75,7.75
2257.78,6.53,-1.30,6.53,-1.31,1.31,1.31,0.47,7.84,7.84,7.84
2280.36,6.62,-1.29,6.62,-1.29,1.29,1.31,0.43,7.91,7.91,7.91
2303.17,6.71,-1.27,6.71,-1.27,1.26,1.28,0.39,7.98,7.98,7.98
2326.20,6.80,-1.23,6.80,-1.23,1.22,1.24,0.35,8.03,8.03,8.03
2349.46,6.89,-1.18,6.89,-1.18,1.18,1.18,0.31,8.07,8.07,8.07
2372.95,6.98,-1.11,6.98,-1.11,1.11,1.12,0.26,8.09,8.09,8.09
2396.68,7.06,-1.04,7.06,-1.04,1.04,1.03,0.22,8.10,8.10,8.10
2420.65,7.14,-0.95,7.14,-0.95,0.95,0.93,0.17,8.09,8.09,8.09
2444.86,7.22,-0.85,7.22,-0.86,0.85,0.82,0.12,8.07,8.07,8.07
2469.31,7.30,-0.75,7.29,-0.74,0.74,0.70,0.08,8.03,8.03,8.04
2494.00,7.37,-0.62,7.37,-0.62,0.61,0.57,0.03,7.98,7.98,7.98
2518.94,7.44,-0.47,7.44,-0.48,0.47,0.43,-0.02,7.91,7.91,7.91
2544.13,7.50,-0.33,7.50,-0.32,0.32,0.29,-0.08,7.82,7.82,7.83
2569.57,7.57,-0.17,7.57,-0.17,0.16,0.14,-0.13,7.73,7.73,7.73
2595.27,7.62,-0.00,7.62,-0.00,0.00,-0.01,-0.18,7.62,7.62,7.62
2621.22,7.67,0.17,7.67,0.17,-0.15,-0.17,-0.23,7.51,7.51,7.50
2647.43,7.70,0.33,7.70,0.33,-0.31,-0.32,-0.29,7.39,7.39,7.37
2673.90,7.71,0.49,7.71,0.49,-0.46,-0.49,-0.34,7.26,7.26,7.23
2700.64,7.71,0.64,7.71,0.63,-0.61,-0.65,-0.39,7.10,7.10,7.07
2727.65,7.69,0.78,7.69,0.77,-0.76,-0.81,-0.45,6.93,6.92,6.91
2754.93,7.66,0.90,7.66,0.90,-0.93,-0.98,-0.51,6.73,6.74,6.76
2782.48,7.65,1.05,7.65,1.06,-1.10,-1.15,-0.56,6.55,6.55,6.60
2810.30,7.66,1.23,7.67,1.23,-1.28,-1.32,-0.62,6.38,6.39,6.43
2838.40,7.72,1.45,7.72,1.45,-1.48,-1.49,-0.68,6.24,6.24,6.27
2866.79,7.78,1.68,7.78,1.68,-1.68,-1.67,-0.74,6.10,6.10,6.11
2895.46,7.86,1.92,7.85,1.91,-1.89,-1.85,-0.79,5.97,5.96,5.94
2924.41,7.91,2.13,7.91,2.13,-2.10,-2.03,-0.85,5.81,5.81,5.78
2953.65,7.95,2.33,7.95,2.33,-2.31,-2.21,-0.91,5.64,5.64,5.62
2983.19,7.97,2.52,7.97,2.52,-2.50,-2.39,-0.97,5.47,5.47,5.45
3013.02,7.98,2.69,7.98,2.69,-2.69,-2.58,-1.04,5.30,5.30,5.29
3043.15,7.99,2.86,7.99,2.86,-2.86,-2.76,-1.10,5.13,5.13,5.13
3073.58,7.98,3.01,7.98,3.01,-3.01,-2.94,-1.16,4.97,4.97,4.97
3104.32,7.97,3.16,7.97,3.16,-3.16,-3.12,-1.22,4.81,4.81,4.81
3135.36,7.95,3.30,7.95,3.30,-3.30,-3.29,-1.29,4.65,4.65,4.65
3166.72,7.93,3.43,7.93,3.43,-3.44,-3.46,-1.35,4.49,4.49,4.50
3198.38,7.90,3.56,7.90,3.56,-3.57,-3.61,-1.41,4.33,4.33,4.34
3230.37,7.88,3.69,7.88,3.69,-3.70,-3.75,-1.47,4.17,4.17,4.19
3262.67,7.84,3.81,7.84,3.81,-3.83,-3.87,-1.54,4.02,4.02,4.04
3295.30,7.81,3.93,7.81,3.93,-3.94,-3.97,-1.60,3.87,3.87,3.88
3328.25,7.77,4.03,7.77,4.03,-4.05,-4.05,-1.66,3.72,3.73,3.74
3361.53,7.73,4.12,7.73,4.12,-4.13,-4.10,-1.72,3.60,3.60,3.61
3395.15,7.69,4.19,7.69,4.19,-4.19,-4.13,-1.79,3.50,3.50,3.50
3429.10,7.65,4.23,7.65,4.24,-4.21,-4.13,-1.85,3.43,3.43,3.41
3463.39,7.60,4.24,7.60,4.24,-4.19,-4.10,-1.90,3.41,3.41,3.36
3498.03,7.56,4.19,7.56,4.18,-4.13,-4.05,-1.96,3.43,3.43,3.36
3533.01,7.51,4.07,7.51,4.07,-4.02,-3.97,-2.02,3.49,3.49,3.43
3568.34,7.46,3.91,7.46,3.91,-3.88,-3.87,-2.07,3.58,3.58,3.55
3604.02,7.41,3.71,7.41,3.71,-3.70,-3.76,-2.12,3.71,3.71,3.70
3640.06,7.37,3.50,7.37,3.50,-3.51,-3.63,-2.17,3.86,3.86,3.87
3676.46,7.32,3.28,7.32,3.27,-3.31,-3.49,-2.21,4.01,4.01,4.05
3713.22,7.27,3.07,7.27,3.07,-3.11,-3.34,-2.26,4.16,4.16,4.21
3750.36,7.23,2.88,7.23,2.89,-2.93,-3.18,-2.29,4.30,4.30,4.35
3787.86,7.18,2.74,7.18,2.73,-2.77,-3.03,-2.33,4.41,4.41,4.45
3825.74,7.14,2.61,7.14,2.61,-2.64,-2.87,-2.36,4.50,4.50,4.53
3864.00,7.10,2.51,7.10,2.51,-2.52,-2.71,-2.38,4.57,4.57,4.58
3902.64,7.06,2.43,7.06,2.43,-2.43,-2.55,-2.40,4.63,4.63,4.63
3941.66,7.02,2.35,7.02,2.35,-2.35,-2.39,-2.42,4.67,4.67,4.67
3981.08,6.98,2.28,6.98,2.28,-2.27,-2.24,-2.43,4.71,4.71,4.70
4020.89,6.95,2.20,6.95,2.20,-2.19,-2.08,-2.44,4.76,4.76,4.75
4061.10,6.91,2.11,6.91,2.11,-2.10,-1.93,-2.44,4.81,4.81,4.80
4101.71,6.88,2.01,6.88,2.01,-2.00,-1.79,-2.44,4.88,4.88,4.87
4142.73,6.85,1.89,6.85,1.89,-1.89,-1.64,-2.43,4.96,4.96,4.96
4184.15,6.83,1.77,6.83,1.77,-1.76,-1.49,-2.42,5.06,5.06,5.06
4226.00,6.80,1.62,6.80,1.62,-1.62,-1.34,-2.40,5.18,5.18,5.18
4268.26,6.78,1.46,6.78,1.46,-1.46,-1.19,-2.38,5.32,5.32,5.32
4310.94,6.76,1.29,6.76,1.29,-1.28,-1.03,-2.36,5.48,5.48,5.47
4354.05,6.74,1.09,6.74,1.09,-1.09,-0.87,-2.33,5.65,5.65,5.65
4397.59,6.73,0.88,6.73,0.89,-0.88,-0.70,-2.30,5.85,5.85,5.85
4441.56,6.71,0.67,6.71,0.66,-0.66,-0.52,-2.27,6.06,6.06,6.05
4485.98,6.70,0.43,6.70,0.43,-0.41,-0.32,-2.23,6.28,6.28,6.27
4530.84,6.69,0.17,6.69,0.17,-0.16,-0.11,-2.19,6.53,6.53,6.51
4576.15,6.67,-0.09,6.67,-0.09,0.11,0.12,-2.15,6.78,6.78,6.76
4621.91,6.66,-0.36,6.66,-0.36,0.38,0.37,-2.11,7.04,7.04,7.02
4668.13,6.65,-0.63,6.65,-0.63,0.67,0.63,-2.06,7.32,7.32,7.28
4714.81,6.63,-0.90,6.63,-0.90,0.95,0.89,-2.02,7.58,7.58,7.53
4761.96,6.62,-1.16,6.62,-1.16,1.20,1.13,-1.97,7.82,7.82,7.78
4809.58,6.60,-1.39,6.60,-1.39,1.40,1.36,-1.92,8.00,8.00,7.99
4857.67,6.58,-1.59,6.58,-1.58,1.53,1.48,-1.88,8.11,8.11,8.17
4906.25,6.56,-1.72,6.56,-1.73,1.59,1.58,-1.83,8.15,8.15,8.28
4955.31,6.54,-1.81,6.54,-1.81,1.57,1.53,-1.78,8.11,8.11,8.35
5004.87,6.51,-1.83,6.51,-1.82,1.48,1.43,-1.73,8.00,8.00,8.34
5054.91,6.48,-1.75,6.48,-1.76,1.33,1.24,-1.69,7.81,7.81,8.23
5105.46,6.45,-1.62,6.45,-1.62,1.11,1.02,-1.64,7.56,7.56,8.07
5156.52,6.41,-1.43,6.41,-1.42,0.86,0.78,-1.60,7.27,7.27,7.84
5208.08,6.37,-1.18,6.37,-1.18,0.58,0.53,-1.55,6.94,6.94,7.54
5260.16,6.32,-0.88,6.32,-0.89,0.29,0.29,-1.51,6.60,6.61,7.20
5312.77,6.27,-0.58,6.27,-0.57,0.00,0.06,-1.47,6.27,6.27,6.84
5365.89,6.21,-0.25,6.21,-0.25,-0.26,-0.15,-1.43,5.96,5.96,6.47
5419.55,6.15,0.05,6.15,0.05,-0.51,-0.35,-1.39,5.64,5.64,6.10
5473.75,6.09,0.33,6.09,0.34,-0.77,-0.55,-1.35,5.31,5.32,5.75
5528.49,6.01,0.58,6.01,0.57,-1.03,-0.75,-1.31,4.99,4.99,5.44
5583.77,5.94,0.76,5.94,0.76,-1.29,-0.95,-1.27,4.65,4.65,5.18
5639.61,5.85,0.86,5.85,0.87,-1.54,-1.16,-1.24,4.31,4.31,4.99
5696.00,5.76,0.94,5.76,0.93,-1.80,-1.39,-1.20,3.96,3.97,4.83
5752.96,5.66,0.95,5.67,0.95,-2.05,-1.62,-1.17,3.61,3.62,4.72
5810.49,5.57,0.97,5.57,0.99,-2.31,-1.91,-1.14,3.26,3.26,4.60
5868.60,5.46,1.05,5.47,1.08,-2.56,-2.20,-1.11,2.90,2.91,4.41
5927.28,5.35,1.25,5.37,1.28,-2.80,-2.55,-1.08,2.56,2.57,4.10
5986.56,5.24,1.58,5.26,1.64,-3.04,-2.91,-1.05,2.21,2.22,3.66
6046.42,5.13,2.10,5.16,2.12,-3.28,-3.31,-1.03,1.85,1.87,3.03
6106.89,5.03,2.71,5.06,2.70,-3.54,-3.73,-1.00,1.49,1.52,2.32
6167.96,4.92,3.34,4.96,3.31,-3.79,-4.09,-0.98,1.13,1.17,1.58
6229.64,4.81,3.96,4.86,3.88,-4.02,-4.44,-0.95,0.79,0.84,0.85
6291.93,4.71,4.54,4.77,4.39,-4.23,-4.57,-0.93,0.48,0.55,0.17
6354.85,4.61,5.04,4.69,4.80,-4.38,-4.67,-0.91,0.23,0.31,-0.43
6418.40,4.51,5.49,4.61,5.10,-4.45,-4.48,-0.89,0.06,0.16,-0.97
6482.58,4.42,5.85,4.53,5.30,-4.43,-4.24,-0.87,-0.01,0.10,-1.43
6547.41,4.33,6.16,4.46,5.38,-4.31,-3.87,-0.85,0.02,0.15,-1.83
6612.88,4.25,6.43,4.39,5.35,-4.08,-3.47,-0.84,0.17,0.31,-2.18
6679.01,4.17,6.64,4.32,5.21,-3.75,-3.09,-0.82,0.42,0.57,-2.47
6745.80,4.09,6.79,4.24,4.96,-3.33,-2.70,-0.80,0.77,0.92,-2.70
6813.26,4.03,6.90,4.16,4.60,-2.84,-2.39,-0.79,1.19,1.32,-2.87
6881.39,3.97,6.96,4.06,4.16,-2.33,-2.08,-0.77,1.64,1.73,-2.99
6950.21,3.93,6.98,3.94,3.68,-1.84,-1.84,-0.76,2.09,2.11,-3.05
7019.71,3.90,6.97,3.81,3.16,-1.39,-1.61,-0.75,2.51,2.43,-3.07
7089.91,3.89,6.94,3.67,2.62,-0.99,-1.44,-0.74,2.90,2.67,-3.05
7160.81,3.91,6.68,3.51,2.10,-0.67,-1.27,-0.72,3.24,2.84,-2.78
7232.41,3.95,6.33,3.34,1.62,-0.42,-1.15,-0.71,3.52,2.92,-2.39
7304.74,4.00,5.90,3.17,1.20,-0.25,-1.02,-0.70,3.76,2.93,-1.89
7377.79,4.09,5.38,3.00,0.87,-0.13,-0.93,-0.69,3.97,2.87,-1.29
7451.56,4.20,4.92,2.84,0.61,-0.05,-0.84,-0.68,4.15,2.78,-0.72
7526.08,4.33,4.59,2.68,0.42,-0.01,-0.76,-0.67,4.31,2.67,-0.26
7601.34,4.47,4.42,2.53,0.28,0.01,-0.69,-0.66,4.48,2.54,0.05
7677.35,4.66,4.34,2.40,0.17,0.01,-0.64,-0.65,4.67,2.41,0.32
7754.13,4.86,4.29,2.27,0.06,0.01,-0.58,-0.64,4.87,2.28,0.57
7831.67,5.10,4.20,2.15,-0.03,0.01,-0.54,-0.63,5.11,2.16,0.90
7909.98,5.35,4.06,2.04,-0.11,0.01,-0.50,-0.62,5.35,2.04,1.28
7989.08,5.60,3.84,1.93,-0.18,0.01,-0.46,-0.61,5.60,1.93,1.76
8068.98,5.83,3.48,1.82,-0.25,0.01,-0.43,-0.60,5.84,1.83,2.35
8149.67,6.05,3.06,1.72,-0.31,0.00,-0.40,-0.58,6.05,1.72,2.99
8231.16,6.24,2.54,1.62,-0.37,0.00,-0.37,-0.57,6.24,1.62,3.69
8313.47,6.36,2.03,1.51,-0.41,0.00,-0.35,-0.56,6.37,1.52,4.34
8396.61,6.45,1.53,1.41,-0.46,0.00,-0.33,-0.55,6.45,1.42,4.92
8480.57,6.45,1.17,1.31,-0.49,0.00,-0.31,-0.54,6.45,1.32,5.28
8565.38,6.34,1.03,1.22,-0.52,0.00,-0.29,-0.53,6.34,1.22,5.31
8651.03,6.13,1.00,1.13,-0.54,0.00,-0.27,-0.51,6.13,1.13,5.13
8737.54,5.82,1.03,1.04,-0.55,0.00,-0.26,-0.50,5.82,1.04,4.78
8824.92,5.36,0.79,0.96,-0.55,0.00,-0.24,-0.49,5.36,0.96,4.57
8913.17,4.76,0.03,0.89,-0.53,0.00,-0.23,-0.48,4.76,0.89,4.73
9002.30,4.11,-0.94,0.82,-0.48,0.00,-0.22,-0.46,4.11,0.82,5.04
9092.32,3.30,-2.18,0.77,-0.40,0.00,-0.21,-0.45,3.30,0.77,5.48
9183.25,2.43,-3.11,0.72,-0.27,0.00,-0.20,-0.44,2.43,0.72,5.54
9275.08,1.53,-3.77,0.68,-0.12,0.00,-0.19,-0.42,1.53,0.68,5.30
9367.83,0.60,-4.09,0.65,0.03,0.00,-0.18,-0.41,0.60,0.65,4.69
9461.51,-0.32,-4.21,0.63,0.15,-0.00,-0.17,-0.40,-0.32,0.63,3.89
9556.12,-1.21,-4.42,0.61,0.26,-0.00,-0.16,-0.39,-1.21,0.61,3.21
9651.68,-2.05,-4.70,0.59,0.34,-0.00,-0.15,-0.38,-2.05,0.59,2.65
9748.20,-2.85,-4.95,0.58,0.41,-0.00,-0.15,-0.37,-2.85,0.58,2.10
9845.68,-3.58,-5.23,0.56,0.46,-0.00,-0.14,-0.35,-3.58,0.56,1.65
9944.14,-4.27,-5.59,0.54,0.48,-0.00,-0.13,-0.34,-4.27,0.54,1.32
10043.58,-4.91,-6.06,0.52,0.49,-0.00,-0.13,-0.33,-4.91,0.52,1.15
10144.02,-5.51,-6.62,0.39,0.43,-0.00,-0.12,-0.32,-5.51,0.39,1.11
10245.46,-6.06,-7.23,0.26,0.37,-0.00,-0.12,-0.31,-6.06,0.26,1.17
10347.91,-6.59,-7.88,0.12,0.30,-0.00,-0.11,-0.31,-6.59,0.12,1.29
10451.39,-7.07,-8.57,-0.02,0.24,-0.00,-0.11,-0.30,-7.07,-0.02,1.49
10555.91,-7.51,-9.30,-0.15,0.17,-0.00,-0.10,-0.29,-7.51,-0.15,1.80
10661.46,-7.90,-10.09,-0.29,0.10,-0.00,-0.10,-0.28,-7.90,-0.29,2.19
10768.08,-8.25,-10.93,-0.44,0.04,0.00,-0.09,-0.27,-8.25,-0.44,2.67
10875.76,-8.53,-11.78,-0.58,-0.03,0.00,-0.09,-0.27,-8.53,-0.58,3.26
10984.52,-8.70,-12.57,-0.72,-0.11,0.00,-0.08,-0.26,-8.70,-0.72,3.88
11094.36,-8.78,-13.28,-0.87,-0.18,0.00,-0.08,-0.25,-8.78,-0.87,4.50
11205.31,-8.73,-13.81,-1.02,-0.25,0.00,-0.08,-0.25,-8.73,-1.02,5.08
11317.36,-8.48,-13.81,-1.17,-0.33,0.00,-0.07,-0.24,-8.48,-1.17,5.33
11430.53,-8.14,-13.48,-1.32,-0.40,0.00,-0.07,-0.24,-8.14,-1.32,5.34
11544.84,-7.65,-12.47,-1.47,-0.48,0.00,-0.07,-0.23,-7.65,-1.47,4.82
11660.29,-7.09,-11.04,-1.63,-0.56,0.00,-0.07,-0.23,-7.09,-1.63,3.95
11776.89,-6.51,-9.41,-1.78,-0.64,0.00,-0.06,-0.22,-6.51,-1.78,2.91
11894.66,-5.94,-7.40,-1.94,-0.73,0.00,-0.06,-0.22,-5.94,-1.94,1.46
12013.60,-5.38,-5.35,-2.10,-0.81,0.00,-0.06,-0.22,-5.38,-2.10,-0.04
12133.74,-4.88,-3.10,-2.26,-0.89,0.00,-0.05,-0.21,-4.88,-2.26,-1.78
12255.08,-4.42,-0.72,-2.42,-0.98,0.00,-0.05,-0.21,-4.42,-2.42,-3.70
12377.63,-4.00,1.66,-2.58,-1.07,0.00,-0.05,-0.21,-4.00,-2.58,-5.66
12501.41,-3.58,3.63,-2.75,-1.16,0.00,-0.05,-0.21,-3.58,-2.75,-7.21
12626.42,-3.14,4.72,-2.91,-1.25,0.00,-0.05,-0.21,-3.14,-2.91,-7.86
12752.68,-2.64,5.39,-3.08,-1.34,0.00,-0.04,-0.21,-2.64,-3.08,-8.04
12880.21,-2.03,5.89,-3.25,-1.43,0.00,-0.04,-0.21,-2.03,-3.25,-7.92
13009.01,-1.34,6.35,-3.42,-1.53,0.00,-0.04,-0.21,-1.34,-3.42,-7.69
13139.10,-0.66,6.80,-3.60,-1.62,0.00,-0.04,-0.21,-0.66,-3.60,-7.46
13270.49,0.20,7.33,-3.77,-1.72,0.00,-0.04,-0.22,0.20,-3.77,-7.13
13403.20,1.11,7.87,-3.95,-1.82,0.00,-0.03,-0.22,1.11,-3.95,-6.76
13537.23,2.05,8.31,-4.12,-1.92,0.00,-0.03,-0.22,2.05,-4.12,-6.26
13672.60,2.92,8.62,-4.30,-2.02,0.00,-0.03,-0.23,2.92,-4.30,-5.71
13809.33,3.70,8.79,-4.48,-2.12,0.00,-0.03,-0.24,3.70,-4.48,-5.09
13947.42,4.21,8.44,-4.66,-2.23,0.00,-0.03,-0.24,4.21,-4.66,-4.23
14086.90,4.38,7.67,-4.85,-2.33,0.00,-0.03,-0.25,4.38,-4.85,-3.28
14227.77,4.35,6.64,-5.03,-2.44,0.00,-0.03,-0.26,4.35,-5.03,-2.29
14370.04,4.05,5.32,-5.22,-2.55,0.00,-0.02,-0.27,4.05,-5.22,-1.27
14513.74,3.45,3.75,-5.41,-2.65,0.00,-0.02,-0.28,3.45,-5.41,-0.30
14658.88,2.54,2.51,-5.59,-2.77,0.00,-0.02,-0.29,2.54,-5.59,0.03
14805.47,1.57,1.67,-5.79,-2.88,0.00,-0.02,-0.30,1.57,-5.79,-0.10
14953.52,0.51,1.52,-5.98,-2.99,0.00,-0.02,-0.32,0.51,-5.98,-1.01
15103.06,-0.50,1.81,-6.17,-3.11,0.00,-0.02,-0.33,-0.50,-6.17,-2.31
15254.09,-1.49,2.30,-6.37,-3.22,0.00,-0.02,-0.34,-1.49,-6.37,-3.79
15406.63,-2.30,2.79,-6.56,-3.34,0.00,-0.02,-0.35,-2.30,-6.56,-5.09
15560.70,-3.02,3.21,-6.76,-3.46,0.00,-0.02,-0.36,-3.02,-6.76,-6.23
15716.30,-3.59,3.52,-6.96,-3.58,0.00,-0.02,-0.37,-3.59,-6.96,-7.12
15873.47,-4.00,3.82,-7.17,-3.70,0.00,-0.01,-0.37,-4.00,-7.17,-7.82
16032.20,-4.33,4.06,-7.37,-3.82,0.00,-0.01,-0.37,-4.33,-7.37,-8.39
16192.52,-4.53,4.14,-7.57,-3.95,0.00,-0.01,-0.37,-4.53,-7.57,-8.67
16354.45,-4.67,4.13,-7.78,-4.07,0.00,-0.01,-0.35,-4.67,-7.78,-8.80
16517.99,-4.79,4.07,-7.99,-4.20,0.00,-0.01,-0.34,-4.79,-7.99,-8.86
16683.17,-4.93,4.03,-8.20,-4.33,0.00,-0.01,-0.32,-4.93,-8.20,-8.97
16850.01,-5.16,3.91,-8.41,-4.46,0.00,-0.01,-0.30,-5.16,-8.41,-9.06
17018.51,-5.45,3.67,-8.62,-4.59,0.00,-0.01,-0.27,-5.45,-8.62,-9.12
17188.69,-5.95,3.05,-8.83,-4.72,0.00,-0.01,-0.25,-5.95,-8.83,-8.99
17360.58,-6.60,2.03,-9.05,-4.86,0.00,-0.01,-0.22,-6.60,-9.05,-8.63
17534.18,-7.40,0.67,-9.27,-4.99,0.00,-0.01,-0.20,-7.40,-9.27,-8.06
17709.53,-8.38,-1.21,-9.49,-5.13,0.00,-0.01,-0.18,-8.38,-9.49,-7.18
17886.62,-9.51,-4.26,-9.71,-5.26,0.00,-0.01,-0.16,-9.51,-9.71,-5.25
18065.49,-10.70,-8.40,-9.93,-5.40,0.00,-0.01,-0.14,-10.70,-9.93,-2.30
18246.14,-11.96,-13.82,-10.15,-5.54,0.00,-0.00,-0.12,-11.96,-10.15,1.86
18428.60,-13.24,-16.89,-10.37,-5.69,0.00,-0.00,-0.10,-13.24,-10.37,3.66
18612.89,-14.50,-18.11,-10.60,-5.83,0.00,-0.00,-0.09,-14.50,-10.60,3.61
18799.02,-15.74,-18.05,-10.83,-5.97,0.00,-0.00,-0.08,-15.74,-10.83,2.32
18987.01,-16.94,-17.65,-11.06,-6.12,0.00,-0.00,-0.06,-16.94,-11.06,0.70
19176.88,-18.10,-17.49,-11.29,-6.27,0.00,-0.00,-0.05,-18.10,-11.29,-0.61
19368.65,-19.18,-17.36,-11.52,-6.42,0.00,-0.00,-0.05,-19.18,-11.52,-1.82
19562.33,-20.14,-17.02,-11.76,-6.57,0.00,-0.00,-0.04,-20.14,-11.76,-3.12
19757.96,-20.94,-16.22,-11.99,-6.72,0.00,-0.00,-0.03,-20.94,-11.99,-4.72
19955.54,-21.73,-15.42,-12.23,-6.87,0.00,-0.00,-0.02,-21.73,-12.23,-6.32
