frequency,raw,error,smoothed,error_smoothed,equalization,parametric_eq,fixed_band_eq,equalized_raw,equalized_smoothed,target
20.00,10.71,-0.23,10.71,-0.23,0.17,0.02,0.09,10.89,10.88,10.94
20.20,10.69,-0.24,10.70,-0.24,0.23,0.02,0.09,10.92,10.93,10.93
20.40,10.67,-0.25,10.67,-0.25,0.28,0.02,0.10,10.95,10.95,10.93
20.61,10.65,-0.27,10.64,-0.27,0.32,0.02,0.10,10.97,10.96,10.92
20.81,10.61,-0.31,10.61,-0.31,0.35,0.02,0.10,10.96,10.96,10.91
21.02,10.56,-0.35,10.56,-0.35,0.38,0.02,0.10,10.94,10.94,10.91
21.23,10.52,-0.40,10.52,-0.40,0.40,0.02,0.11,10.92,10.92,10.92
21.44,10.49,-0.43,10.49,-0.43,0.41,0.02,0.11,10.90,10.91,10.92
21.66,10.48,-0.45,10.48,-0.45,0.43,0.03,0.12,10.91,10.91,10.94
21.87,10.49,-0.46,10.49,-0.46,0.43,0.03,0.12,10.92,10.92,10.95
22.09,10.52,-0.44,10.52,-0.44,0.42,0.03,0.12,10.94,10.94,10.97
22.31,10.58,-0.41,10.57,-0.41,0.40,0.03,0.13,10.97,10.97,10.98
22.54,10.63,-0.36,10.64,-0.36,0.37,0.03,0.13,11.00,11.00,11.00
22.76,10.69,-0.32,10.69,-0.32,0.34,0.03,0.13,11.03,11.03,11.01
22.99,10.75,-0.28,10.74,-0.29,0.31,0.04,0.14,11.06,11.06,11.03
23.22,10.78,-0.27,10.77,-0.27,0.30,0.04,0.14,11.07,11.07,11.04
23.45,10.79,-0.26,10.79,-0.26,0.29,0.04,0.15,11.08,11.08,11.05
23.69,10.79,-0.27,10.79,-0.27,0.28,0.04,0.15,11.08,11.07,11.06
23.92,10.79,-0.29,10.79,-0.28,0.28,0.05,0.16,11.07,11.07,11.07
24.16,10.79,-0.30,10.79,-0.29,0.28,0.05,0.16,11.06,11.06,11.08
24.40,10.80,-0.29,10.80,-0.29,0.27,0.05,0.17,11.06,11.06,11.09
24.65,10.82,-0.28,10.82,-0.27,0.24,0.06,0.17,11.06,11.06,11.09
24.89,10.85,-0.24,10.86,-0.24,0.21,0.06,0.17,11.07,11.07,11.09
25.14,10.90,-0.19,10.90,-0.19,0.17,0.06,0.18,11.08,11.08,11.09
25.39,10.96,-0.13,10.96,-0.13,0.13,0.07,0.18,11.09,11.09,11.09
25.65,11.01,-0.07,11.01,-0.07,0.08,0.07,0.19,11.10,11.10,11.08
25.91,11.06,-0.02,11.06,-0.02,0.04,0.08,0.19,11.10,11.10,11.08
26.16,11.09,0.02,11.09,0.01,0.02,0.08,0.20,11.11,11.11,11.08
26.43,11.11,0.02,11.10,0.02,0.00,0.09,0.20,11.11,11.11,11.08
26.69,11.10,0.01,11.10,0.01,-0.00,0.10,0.21,11.10,11.10,11.08
26.96,11.08,-0.01,11.08,-0.01,0.01,0.11,0.21,11.08,11.08,11.08
27.23,11.04,-0.03,11.04,-0.03,0.02,0.11,0.21,11.06,11.06,11.08
27.50,11.00,-0.06,11.00,-0.06,0.04,0.12,0.22,11.04,11.04,11.06
27.77,10.95,-0.08,10.95,-0.08,0.07,0.13,0.22,11.02,11.02,11.03
28.05,10.91,-0.10,10.91,-0.10,0.09,0.14,0.23,11.00,11.00,11.01
28.33,10.87,-0.11,10.87,-0.11,0.12,0.16,0.23,10.99,10.99,10.98
28.62,10.84,-0.13,10.84,-0.13,0.14,0.17,0.23,10.98,10.99,10.97
28.90,10.82,-0.15,10.82,-0.15,0.16,0.18,0.23,10.99,10.99,10.97
29.19,10.81,-0.18,10.81,-0.18,0.18,0.19,0.24,10.99,10.99,10.99
29.48,10.81,-0.20,10.81,-0.20,0.19,0.21,0.24,11.00,11.00,11.01
29.78,10.81,-0.22,10.80,-0.22,0.20,0.22,0.24,11.01,11.01,11.02
30.08,10.80,-0.23,10.80,-0.22,0.21,0.24,0.24,11.01,11.01,11.03
30.38,10.80,-0.22,10.80,-0.22,0.21,0.25,0.24,11.01,11.01,11.03
30.68,10.80,-0.20,10.80,-0.21,0.21,0.26,0.24,11.01,11.01,11.01
30.99,10.80,-0.19,10.80,-0.19,0.20,0.28,0.24,11.00,11.00,10.99
31.30,10.78,-0.18,10.78,-0.18,0.20,0.28,0.24,10.99,10.99,10.97
31.61,10.77,-0.19,10.77,-0.19,0.20,0.29,0.24,10.97,10.97,10.95
31.93,10.75,-0.20,10.75,-0.20,0.21,0.30,0.23,10.96,10.96,10.95
32.24,10.72,-0.22,10.72,-0.22,0.22,0.30,0.23,10.94,10.94,10.94
32.57,10.69,-0.24,10.69,-0.24,0.23,0.29,0.23,10.92,10.92,10.93
32.89,10.67,-0.25,10.67,-0.25,0.24,0.29,0.23,10.91,10.91,10.92
33.22,10.64,-0.26,10.64,-0.26,0.25,0.28,0.22,10.90,10.90,10.90
33.55,10.62,-0.26,10.62,-0.26,0.26,0.27,0.22,10.88,10.88,10.89
33.89,10.61,-0.26,10.61,-0.26,0.26,0.26,0.21,10.87,10.87,10.87
34.23,10.60,-0.26,10.60,-0.26,0.25,0.24,0.21,10.86,10.86,10.86
34.57,10.60,-0.25,10.61,-0.25,0.24,0.23,0.20,10.85,10.85,10.86
34.92,10.61,-0.23,10.61,-0.23,0.23,0.21,0.19,10.84,10.84,10.85
35.27,10.63,-0.21,10.62,-0.21,0.21,0.20,0.19,10.84,10.84,10.83
35.62,10.64,-0.19,10.64,-0.19,0.19,0.18,0.18,10.83,10.83,10.82
35.97,10.64,-0.17,10.64,-0.17,0.18,0.17,0.18,10.82,10.82,10.81
36.33,10.64,-0.16,10.64,-0.16,0.16,0.15,0.17,10.80,10.80,10.80
36.70,10.64,-0.14,10.64,-0.14,0.14,0.14,0.16,10.78,10.78,10.78
37.06,10.64,-0.13,10.64,-0.13,0.13,0.13,0.15,10.76,10.77,10.77
37.43,10.63,-0.11,10.63,-0.11,0.12,0.12,0.15,10.75,10.75,10.75
37.81,10.63,-0.10,10.63,-0.10,0.11,0.11,0.14,10.74,10.74,10.73
38.19,10.63,-0.09,10.63,-0.09,0.10,0.10,0.13,10.73,10.72,10.72
38.57,10.62,-0.09,10.62,-0.09,0.09,0.09,0.12,10.71,10.71,10.71
38.95,10.62,-0.08,10.62,-0.08,0.08,0.08,0.11,10.70,10.70,10.70
39.34,10.61,-0.08,10.61,-0.08,0.07,0.07,0.11,10.68,10.68,10.69
39.74,10.60,-0.07,10.60,-0.07,0.07,0.07,0.10,10.67,10.67,10.67
40.14,10.59,-0.06,10.59,-0.06,0.07,0.06,0.09,10.66,10.66,10.65
40.54,10.58,-0.06,10.58,-0.06,0.07,0.05,0.08,10.65,10.65,10.64
40.94,10.56,-0.06,10.56,-0.06,0.07,0.05,0.07,10.63,10.63,10.63
41.35,10.54,-0.07,10.54,-0.07,0.07,0.04,0.07,10.61,10.61,10.61
41.76,10.51,-0.08,10.51,-0.08,0.08,0.04,0.06,10.60,10.60,10.60
42.18,10.49,-0.09,10.49,-0.09,0.09,0.03,0.05,10.58,10.58,10.58
42.60,10.47,-0.10,10.47,-0.10,0.10,0.03,0.04,10.57,10.57,10.57
43.03,10.45,-0.11,10.45,-0.11,0.11,0.02,0.03,10.55,10.55,10.56
43.46,10.43,-0.12,10.43,-0.12,0.11,0.02,0.03,10.54,10.54,10.55
43.90,10.41,-0.12,10.41,-0.12,0.11,0.01,0.02,10.53,10.53,10.53
44.33,10.40,-0.12,10.40,-0.11,0.11,0.01,0.01,10.51,10.51,10.51
44.78,10.38,-0.11,10.38,-0.11,0.10,0.01,0.00,10.48,10.48,10.48
45.23,10.36,-0.09,10.36,-0.09,0.09,0.00,-0.01,10.46,10.46,10.46
45.68,10.35,-0.08,10.35,-0.08,0.08,-0.00,-0.01,10.43,10.43,10.43
46.13,10.34,-0.07,10.34,-0.07,0.07,-0.00,-0.02,10.41,10.41,10.41
46.60,10.33,-0.06,10.33,-0.06,0.06,-0.01,-0.03,10.39,10.39,10.39
47.06,10.32,-0.04,10.32,-0.04,0.05,-0.01,-0.04,10.36,10.36,10.36
47.53,10.30,-0.03,10.30,-0.03,0.04,-0.01,-0.05,10.34,10.34,10.33
48.01,10.29,-0.02,10.29,-0.02,0.04,-0.02,-0.05,10.32,10.32,10.31
48.49,10.27,-0.02,10.27,-0.02,0.03,-0.02,-0.06,10.30,10.30,10.29
48.97,10.24,-0.03,10.24,-0.03,0.03,-0.02,-0.07,10.27,10.27,10.27
49.46,10.21,-0.03,10.21,-0.03,0.03,-0.03,-0.08,10.24,10.24,10.25
49.96,10.18,-0.04,10.18,-0.03,0.02,-0.03,-0.09,10.20,10.21,10.22
50.46,10.16,-0.03,10.16,-0.03,0.01,-0.03,-0.09,10.18,10.18,10.19
50.96,10.15,-0.01,10.15,-0.01,0.01,-0.04,-0.10,10.16,10.16,10.16
51.47,10.14,0.01,10.14,0.01,-0.00,-0.04,-0.11,10.14,10.14,10.13
51.99,10.13,0.02,10.13,0.02,-0.01,-0.04,-0.12,10.12,10.12,10.11
52.51,10.12,0.03,10.12,0.03,-0.03,-0.05,-0.12,10.09,10.09,10.08
53.03,10.10,0.04,10.10,0.04,-0.04,-0.05,-0.13,10.06,10.06,10.06
53.56,10.08,0.05,10.08,0.05,-0.05,-0.05,-0.14,10.03,10.03,10.03
54.10,10.05,0.06,10.05,0.06,-0.06,-0.06,-0.15,9.99,9.99,9.99
54.64,10.03,0.07,10.03,0.07,-0.07,-0.06,-0.15,9.95,9.95,9.96
55.18,10.01,0.08,10.01,0.08,-0.09,-0.06,-0.16,9.92,9.92,9.93
55.74,10.00,0.10,10.00,0.10,-0.11,-0.07,-0.17,9.89,9.89,9.90
56.29,9.98,0.12,9.98,0.12,-0.12,-0.07,-0.17,9.86,9.86,9.87
56.86,9.97,0.14,9.97,0.14,-0.14,-0.08,-0.18,9.83,9.83,9.83
57.42,9.95,0.16,9.95,0.16,-0.15,-0.08,-0.19,9.79,9.79,9.79
58.00,9.92,0.18,9.92,0.18,-0.16,-0.09,-0.19,9.76,9.76,9.74
58.58,9.90,0.19,9.90,0.19,-0.17,-0.09,-0.20,9.72,9.72,9.71
59.16,9.87,0.19,9.87,0.19,-0.18,-0.10,-0.20,9.69,9.69,9.68
59.76,9.84,0.18,9.84,0.18,-0.18,-0.10,-0.21,9.65,9.65,9.65
60.35,9.80,0.18,9.80,0.18,-0.19,-0.11,-0.21,9.62,9.62,9.62
60.96,9.77,0.18,9.77,0.18,-0.19,-0.11,-0.22,9.58,9.58,9.59
61.57,9.75,0.19,9.75,0.19,-0.19,-0.12,-0.22,9.55,9.55,9.56
62.18,9.72,0.20,9.72,0.20,-0.20,-0.13,-0.23,9.52,9.52,9.52
62.80,9.69,0.21,9.69,0.21,-0.21,-0.13,-0.23,9.49,9.49,9.49
63.43,9.67,0.22,9.67,0.22,-0.22,-0.14,-0.23,9.45,9.45,9.45
64.07,9.64,0.23,9.64,0.23,-0.23,-0.15,-0.24,9.41,9.41,9.41
64.71,9.61,0.25,9.61,0.24,-0.24,-0.16,-0.24,9.37,9.37,9.37
65.35,9.58,0.26,9.58,0.25,-0.25,-0.17,-0.24,9.33,9.33,9.33
66.01,9.55,0.26,9.55,0.27,-0.27,-0.18,-0.25,9.29,9.29,9.29
66.67,9.53,0.28,9.53,0.28,-0.28,-0.19,-0.25,9.24,9.24,9.25
67.33,9.50,0.29,9.50,0.29,-0.30,-0.20,-0.25,9.21,9.21,9.21
68.01,9.48,0.31,9.48,0.31,-0.31,-0.22,-0.25,9.17,9.17,9.17
68.69,9.46,0.33,9.46,0.33,-0.32,-0.23,-0.26,9.13,9.13,9.13
69.37,9.43,0.34,9.43,0.34,-0.34,-0.25,-0.26,9.09,9.09,9.08
70.07,9.40,0.35,9.40,0.35,-0.35,-0.26,-0.26,9.05,9.05,9.04
70.77,9.36,0.36,9.36,0.36,-0.36,-0.28,-0.26,9.00,9.00,9.00
71.48,9.33,0.37,9.33,0.37,-0.37,-0.30,-0.27,8.96,8.96,8.96
72.19,9.30,0.38,9.30,0.38,-0.38,-0.32,-0.27,8.91,8.91,8.92
72.91,9.26,0.39,9.26,0.39,-0.39,-0.34,-0.27,8.87,8.87,8.87
73.64,9.23,0.41,9.23,0.41,-0.41,-0.36,-0.27,8.82,8.83,8.82
74.38,9.20,0.43,9.20,0.43,-0.42,-0.39,-0.27,8.78,8.78,8.77
75.12,9.17,0.44,9.17,0.44,-0.44,-0.42,-0.27,8.73,8.73,8.73
75.87,9.13,0.45,9.13,0.45,-0.45,-0.44,-0.28,8.68,8.68,8.68
76.63,9.10,0.47,9.10,0.47,-0.47,-0.47,-0.28,8.63,8.63,8.63
77.40,9.07,0.48,9.07,0.49,-0.49,-0.51,-0.28,8.58,8.58,8.58
78.17,9.03,0.51,9.03,0.51,-0.51,-0.54,-0.28,8.53,8.53,8.52
78.95,9.00,0.53,9.00,0.53,-0.52,-0.58,-0.29,8.48,8.47,8.47
79.74,8.96,0.55,8.96,0.55,-0.54,-0.61,-0.29,8.42,8.42,8.41
80.54,8.92,0.57,8.92,0.57,-0.57,-0.65,-0.29,8.35,8.35,8.35
81.35,8.88,0.58,8.88,0.59,-0.59,-0.69,-0.30,8.29,8.29,8.29
82.16,8.85,0.62,8.85,0.62,-0.62,-0.72,-0.30,8.22,8.22,8.23
82.98,8.81,0.66,8.81,0.66,-0.66,-0.76,-0.30,8.15,8.15,8.16
83.81,8.78,0.70,8.78,0.70,-0.71,-0.79,-0.31,8.07,8.07,8.08
84.65,8.74,0.74,8.74,0.72,-0.76,-0.81,-0.31,7.98,7.98,8.00
85.50,8.70,0.77,8.71,0.79,-0.81,-0.83,-0.32,7.90,7.90,7.93
86.35,8.67,0.82,8.67,0.86,-0.85,-0.85,-0.32,7.82,7.82,7.85
87.22,8.63,0.98,8.63,0.91,-0.89,-0.85,-0.33,7.74,7.74,7.65
88.09,8.60,0.95,8.60,0.95,-0.91,-0.85,-0.33,7.69,7.69,7.65
88.97,8.56,0.91,8.56,0.95,-0.92,-0.85,-0.34,7.64,7.64,7.66
89.86,8.52,0.94,8.52,0.92,-0.92,-0.83,-0.34,7.60,7.60,7.58
90.76,8.48,0.90,8.48,0.90,-0.90,-0.81,-0.35,7.58,7.58,7.58
91.66,8.44,0.86,8.44,0.87,-0.86,-0.79,-0.36,7.58,7.58,7.58
92.58,8.41,0.82,8.41,0.81,-0.82,-0.76,-0.36,7.59,7.59,7.59
93.51,8.38,0.75,8.38,0.76,-0.77,-0.73,-0.37,7.61,7.61,7.63
94.44,8.34,0.70,8.34,0.71,-0.71,-0.70,-0.38,7.63,7.63,7.64
95.39,8.30,0.66,8.30,0.66,-0.66,-0.67,-0.38,7.65,7.65,7.64
96.34,8.26,0.61,8.26,0.61,-0.61,-0.63,-0.39,7.65,7.65,7.65
97.30,8.21,0.55,8.22,0.56,-0.56,-0.60,-0.40,7.66,7.66,7.66
98.28,8.17,0.51,8.17,0.51,-0.51,-0.57,-0.41,7.66,7.66,7.66
99.26,8.13,0.47,8.13,0.47,-0.48,-0.54,-0.42,7.65,7.65,7.66
100.25,8.08,0.44,8.08,0.44,-0.45,-0.52,-0.42,7.63,7.63,7.64
101.25,8.04,0.42,8.04,0.42,-0.42,-0.49,-0.43,7.61,7.61,7.62
102.27,7.99,0.40,8.00,0.40,-0.41,-0.47,-0.44,7.59,7.59,7.59
103.29,7.95,0.39,7.95,0.39,-0.39,-0.45,-0.45,7.56,7.56,7.56
104.32,7.91,0.39,7.91,0.39,-0.39,-0.43,-0.46,7.52,7.52,7.52
105.37,7.86,0.39,7.86,0.38,-0.38,-0.41,-0.47,7.48,7.48,7.48
106.42,7.81,0.38,7.82,0.38,-0.38,-0.40,-0.47,7.44,7.44,7.44
107.48,7.77,0.37,7.77,0.38,-0.38,-0.38,-0.48,7.39,7.40,7.40
108.56,7.73,0.38,7.73,0.38,-0.37,-0.37,-0.49,7.36,7.35,7.35
109.64,7.69,0.38,7.68,0.38,-0.37,-0.36,-0.50,7.31,7.31,7.31
110.74,7.64,0.37,7.64,0.37,-0.37,-0.35,-0.51,7.27,7.27,7.26
111.85,7.59,0.37,7.59,0.37,-0.37,-0.34,-0.51,7.22,7.22,7.22
112.97,7.54,0.37,7.54,0.37,-0.37,-0.34,-0.52,7.17,7.17,7.17
114.10,7.50,0.37,7.50,0.37,-0.37,-0.33,-0.53,7.13,7.13,7.13
115.24,7.45,0.37,7.45,0.37,-0.37,-0.33,-0.53,7.08,7.08,7.08
116.39,7.40,0.37,7.40,0.37,-0.37,-0.32,-0.54,7.03,7.03,7.04
117.55,7.36,0.37,7.36,0.37,-0.37,-0.32,-0.54,6.98,6.98,6.99
118.73,7.31,0.37,7.31,0.37,-0.37,-0.32,-0.55,6.94,6.94,6.94
119.92,7.27,0.37,7.27,0.37,-0.37,-0.32,-0.55,6.89,6.89,6.89
121.12,7.22,0.38,7.22,0.38,-0.37,-0.32,-0.55,6.85,6.85,6.85
122.33,7.18,0.39,7.18,0.38,-0.37,-0.33,-0.56,6.81,6.81,6.79
123.55,7.13,0.38,7.13,0.38,-0.37,-0.33,-0.56,6.76,6.75,6.75
124.79,7.07,0.37,7.07,0.37,-0.37,-0.33,-0.56,6.70,6.70,6.70
126.03,7.01,0.36,7.01,0.37,-0.37,-0.34,-0.56,6.64,6.64,6.65
127.29,6.96,0.36,6.96,0.36,-0.38,-0.34,-0.56,6.58,6.59,6.60
128.57,6.92,0.37,6.92,0.37,-0.38,-0.35,-0.56,6.54,6.54,6.55
129.85,6.87,0.38,6.87,0.38,-0.39,-0.35,-0.56,6.49,6.49,6.49
131.15,6.83,0.39,6.83,0.39,-0.39,-0.36,-0.55,6.44,6.44,6.44
132.46,6.79,0.40,6.79,0.40,-0.40,-0.37,-0.55,6.39,6.40,6.39
133.79,6.75,0.42,6.75,0.41,-0.40,-0.38,-0.55,6.35,6.35,6.34
135.12,6.70,0.42,6.70,0.42,-0.41,-0.38,-0.54,6.30,6.30,6.28
136.48,6.65,0.42,6.65,0.42,-0.41,-0.39,-0.54,6.24,6.23,6.23
137.84,6.58,0.41,6.58,0.41,-0.41,-0.40,-0.53,6.17,6.17,6.18
139.22,6.52,0.40,6.52,0.40,-0.41,-0.41,-0.53,6.11,6.11,6.12
140.61,6.47,0.40,6.47,0.40,-0.41,-0.42,-0.52,6.05,6.06,6.07
142.02,6.43,0.41,6.43,0.41,-0.41,-0.43,-0.51,6.01,6.01,6.01
143.44,6.38,0.42,6.38,0.42,-0.41,-0.44,-0.51,5.97,5.97,5.96
144.87,6.33,0.43,6.33,0.42,-0.41,-0.45,-0.50,5.92,5.92,5.90
146.32,6.27,0.42,6.27,0.42,-0.41,-0.46,-0.49,5.86,5.86,5.85
147.78,6.20,0.41,6.20,0.41,-0.41,-0.47,-0.48,5.79,5.79,5.79
149.26,6.14,0.41,6.14,0.41,-0.41,-0.48,-0.48,5.73,5.73,5.73
150.75,6.08,0.41,6.08,0.40,-0.41,-0.48,-0.47,5.67,5.67,5.68
152.26,6.03,0.41,6.03,0.41,-0.42,-0.49,-0.46,5.61,5.61,5.62
153.78,5.98,0.41,5.98,0.42,-0.42,-0.50,-0.46,5.56,5.56,5.57
155.32,5.94,0.43,5.94,0.43,-0.43,-0.50,-0.45,5.51,5.51,5.51
156.88,5.89,0.44,5.89,0.44,-0.43,-0.50,-0.44,5.46,5.46,5.46
158.44,5.85,0.45,5.85,0.45,-0.44,-0.50,-0.43,5.41,5.41,5.40
160.03,5.80,0.45,5.79,0.45,-0.45,-0.51,-0.43,5.35,5.35,5.34
161.63,5.74,0.45,5.74,0.45,-0.45,-0.50,-0.42,5.29,5.29,5.28
163.24,5.68,0.45,5.68,0.46,-0.45,-0.50,-0.42,5.23,5.23,5.23
164.88,5.63,0.46,5.62,0.46,-0.46,-0.50,-0.41,5.17,5.17,5.17
166.53,5.57,0.46,5.56,0.46,-0.46,-0.49,-0.40,5.11,5.10,5.11
168.19,5.50,0.46,5.50,0.46,-0.46,-0.48,-0.40,5.04,5.04,5.05
169.87,5.44,0.45,5.45,0.46,-0.47,-0.47,-0.39,4.98,4.98,4.99
171.57,5.39,0.46,5.39,0.46,-0.47,-0.46,-0.39,4.92,4.92,4.93
173.29,5.33,0.47,5.33,0.47,-0.47,-0.45,-0.38,4.86,4.86,4.86
175.02,5.28,0.47,5.28,0.47,-0.47,-0.43,-0.38,4.81,4.81,4.80
176.77,5.21,0.47,5.21,0.47,-0.46,-0.42,-0.38,4.76,4.76,4.75
178.54,5.15,0.45,5.15,0.45,-0.44,-0.40,-0.37,4.71,4.70,4.69
180.32,5.08,0.43,5.08,0.43,-0.42,-0.38,-0.37,4.66,4.66,4.65
182.13,5.02,0.40,5.03,0.40,-0.39,-0.36,-0.37,4.63,4.63,4.62
183.95,4.97,0.37,4.97,0.36,-0.36,-0.34,-0.36,4.61,4.61,4.61
185.79,4.93,0.32,4.93,0.32,-0.32,-0.32,-0.36,4.60,4.60,4.60
187.65,4.88,0.28,4.88,0.28,-0.29,-0.30,-0.36,4.59,4.59,4.60
189.52,4.83,0.25,4.83,0.25,-0.26,-0.28,-0.36,4.58,4.58,4.59
191.42,4.77,0.21,4.77,0.21,-0.23,-0.26,-0.35,4.55,4.55,4.56
193.33,4.71,0.19,4.71,0.19,-0.20,-0.23,-0.35,4.51,4.51,4.52
195.27,4.65,0.17,4.65,0.17,-0.18,-0.21,-0.35,4.47,4.47,4.48
197.22,4.59,0.17,4.59,0.17,-0.16,-0.19,-0.35,4.43,4.43,4.42
199.19,4.53,0.16,4.53,0.16,-0.15,-0.16,-0.35,4.38,4.38,4.37
201.18,4.47,0.15,4.47,0.15,-0.14,-0.14,-0.35,4.32,4.32,4.32
203.19,4.40,0.13,4.40,0.14,-0.13,-0.12,-0.35,4.27,4.27,4.27
205.23,4.34,0.12,4.34,0.12,-0.12,-0.10,-0.35,4.22,4.22,4.21
207.28,4.27,0.11,4.27,0.11,-0.11,-0.08,-0.35,4.16,4.16,4.16
209.35,4.21,0.10,4.21,0.10,-0.10,-0.06,-0.35,4.11,4.11,4.11
211.44,4.14,0.08,4.14,0.09,-0.08,-0.05,-0.35,4.05,4.05,4.05
213.56,4.07,0.07,4.07,0.07,-0.07,-0.03,-0.35,4.00,4.00,4.00
215.69,4.01,0.05,4.01,0.05,-0.06,-0.02,-0.35,3.95,3.95,3.95
217.85,3.94,0.04,3.94,0.04,-0.04,-0.02,-0.35,3.90,3.90,3.90
220.03,3.88,0.03,3.88,0.03,-0.03,-0.01,-0.35,3.86,3.85,3.85
222.23,3.82,0.02,3.82,0.02,-0.01,-0.01,-0.35,3.81,3.81,3.80
224.45,3.76,0.01,3.76,0.01,0.00,-0.01,-0.34,3.76,3.76,3.75
226.70,3.69,-0.01,3.69,-0.01,0.01,-0.01,-0.34,3.71,3.71,3.70
228.96,3.63,-0.02,3.63,-0.02,0.02,-0.02,-0.34,3.65,3.65,3.65
231.25,3.57,-0.03,3.57,-0.04,0.03,-0.03,-0.34,3.60,3.60,3.60
233.57,3.51,-0.04,3.51,-0.04,0.03,-0.03,-0.34,3.54,3.54,3.55
235.90,3.47,-0.04,3.47,-0.04,0.02,-0.04,-0.33,3.49,3.49,3.50
238.26,3.44,-0.02,3.43,-0.02,0.01,-0.05,-0.33,3.44,3.44,3.46
240.64,3.41,0.00,3.41,0.00,-0.01,-0.06,-0.33,3.40,3.40,3.41
243.05,3.40,0.03,3.40,0.04,-0.04,-0.08,-0.32,3.36,3.36,3.36
245.48,3.39,0.07,3.39,0.07,-0.07,-0.09,-0.32,3.32,3.32,3.32
247.93,3.38,0.11,3.38,0.11,-0.10,-0.10,-0.31,3.28,3.28,3.27
250.41,3.37,0.14,3.36,0.14,-0.13,-0.11,-0.31,3.24,3.23,3.22
252.92,3.34,0.16,3.34,0.16,-0.16,-0.12,-0.30,3.18,3.18,3.18
255.45,3.31,0.18,3.31,0.18,-0.18,-0.13,-0.29,3.13,3.13,3.13
258.00,3.28,0.20,3.28,0.20,-0.20,-0.14,-0.28,3.09,3.09,3.09
260.58,3.25,0.21,3.25,0.21,-0.21,-0.15,-0.28,3.04,3.04,3.04
263.19,3.21,0.22,3.21,0.22,-0.21,-0.15,-0.27,3.00,3.00,3.00
265.82,3.17,0.22,3.17,0.22,-0.22,-0.16,-0.26,2.95,2.95,2.95
268.48,3.12,0.21,3.12,0.21,-0.22,-0.17,-0.25,2.91,2.91,2.91
271.16,3.07,0.21,3.07,0.21,-0.21,-0.17,-0.24,2.86,2.86,2.86
273.87,3.02,0.20,3.02,0.20,-0.20,-0.17,-0.22,2.82,2.82,2.82
276.61,2.97,0.19,2.97,0.19,-0.19,-0.17,-0.21,2.78,2.78,2.78
279.38,2.92,0.18,2.92,0.18,-0.18,-0.17,-0.20,2.74,2.74,2.73
282.17,2.86,0.17,2.86,0.17,-0.17,-0.17,-0.19,2.70,2.70,2.69
284.99,2.80,0.15,2.80,0.15,-0.15,-0.17,-0.17,2.65,2.65,2.65
287.84,2.74,0.13,2.74,0.13,-0.13,-0.16,-0.16,2.61,2.61,2.61
290.72,2.68,0.11,2.68,0.11,-0.12,-0.15,-0.15,2.56,2.56,2.57
293.63,2.62,0.09,2.62,0.09,-0.10,-0.14,-0.13,2.52,2.52,2.52
296.57,2.56,0.07,2.56,0.08,-0.08,-0.13,-0.12,2.48,2.48,2.48
299.53,2.51,0.06,2.51,0.06,-0.06,-0.12,-0.10,2.44,2.44,2.44
302.53,2.45,0.05,2.45,0.05,-0.05,-0.11,-0.09,2.41,2.41,2.40
305.55,2.40,0.03,2.40,0.03,-0.03,-0.09,-0.07,2.37,2.37,2.36
308.61,2.34,0.02,2.34,0.02,-0.01,-0.07,-0.06,2.32,2.32,2.32
311.69,2.28,0.00,2.28,0.00,0.00,-0.06,-0.04,2.28,2.28,2.28
314.81,2.22,-0.02,2.22,-0.02,0.02,-0.04,-0.03,2.24,2.24,2.24
317.96,2.17,-0.03,2.17,-0.03,0.03,-0.02,-0.01,2.20,2.20,2.20
321.14,2.12,-0.05,2.12,-0.05,0.05,0.00,0.00,2.17,2.16,2.17
324.35,2.07,-0.06,2.07,-0.06,0.06,0.02,0.02,2.13,2.13,2.13
327.59,2.02,-0.07,2.02,-0.07,0.07,0.05,0.04,2.09,2.09,2.09
330.87,1.96,-0.09,1.96,-0.09,0.09,0.07,0.05,2.05,2.05,2.05
334.18,1.91,-0.10,1.91,-0.10,0.10,0.09,0.07,2.01,2.01,2.01
337.52,1.86,-0.12,1.86,-0.11,0.11,0.11,0.08,1.98,1.98,1.98
340.90,1.81,-0.13,1.81,-0.13,0.13,0.13,0.10,1.94,1.94,1.94
344.30,1.76,-0.14,1.76,-0.14,0.14,0.16,0.12,1.91,1.90,1.90
347.75,1.71,-0.16,1.71,-0.16,0.16,0.18,0.13,1.87,1.87,1.87
351.23,1.66,-0.17,1.66,-0.17,0.17,0.20,0.15,1.83,1.83,1.83
354.74,1.60,-0.19,1.60,-0.19,0.19,0.22,0.17,1.79,1.79,1.80
358.28,1.55,-0.21,1.55,-0.21,0.20,0.24,0.19,1.76,1.76,1.76
361.87,1.51,-0.22,1.51,-0.22,0.22,0.26,0.20,1.72,1.72,1.73
365.49,1.46,-0.23,1.46,-0.23,0.23,0.28,0.22,1.69,1.69,1.69
369.14,1.42,-0.24,1.42,-0.24,0.25,0.30,0.24,1.66,1.66,1.66
372.83,1.37,-0.25,1.37,-0.26,0.26,0.32,0.26,1.63,1.63,1.62
376.56,1.32,-0.27,1.32,-0.27,0.27,0.34,0.27,1.59,1.59,1.59
380.33,1.26,-0.29,1.27,-0.29,0.29,0.36,0.29,1.55,1.55,1.56
384.13,1.21,-0.31,1.22,-0.31,0.30,0.38,0.31,1.52,1.52,1.52
387.97,1.17,-0.32,1.17,-0.32,0.32,0.40,0.33,1.49,1.49,1.49
391.85,1.12,-0.34,1.12,-0.34,0.34,0.42,0.34,1.46,1.46,1.46
395.77,1.07,-0.35,1.07,-0.35,0.36,0.43,0.36,1.43,1.43,1.42
399.73,1.02,-0.38,1.02,-0.38,0.38,0.45,0.38,1.40,1.40,1.39
403.72,0.96,-0.40,0.96,-0.40,0.41,0.47,0.40,1.37,1.37,1.36
407.76,0.90,-0.43,0.90,-0.43,0.44,0.48,0.42,1.34,1.33,1.33
411.84,0.84,-0.47,0.84,-0.47,0.46,0.50,0.44,1.30,1.30,1.30
415.96,0.77,-0.50,0.77,-0.50,0.50,0.52,0.45,1.27,1.27,1.27
420.12,0.71,-0.53,0.72,-0.53,0.53,0.53,0.47,1.24,1.24,1.24
424.32,0.66,-0.55,0.66,-0.56,0.56,0.55,0.49,1.21,1.21,1.21
428.56,0.60,-0.58,0.60,-0.58,0.58,0.56,0.51,1.18,1.18,1.18
432.85,0.55,-0.61,0.55,-0.61,0.61,0.58,0.52,1.15,1.15,1.15
437.18,0.49,-0.63,0.50,-0.63,0.63,0.60,0.54,1.12,1.12,1.13
441.55,0.45,-0.65,0.45,-0.65,0.65,0.61,0.56,1.10,1.10,1.10
445.96,0.41,-0.66,0.41,-0.66,0.66,0.62,0.57,1.07,1.07,1.07
450.42,0.37,-0.67,0.37,-0.68,0.68,0.64,0.59,1.04,1.04,1.04
454.93,0.33,-0.69,0.33,-0.69,0.69,0.65,0.60,1.02,1.02,1.02
459.48,0.29,-0.70,0.29,-0.70,0.70,0.67,0.62,0.99,0.99,0.99
464.07,0.26,-0.70,0.26,-0.70,0.70,0.68,0.63,0.96,0.96,0.96
468.71,0.23,-0.71,0.23,-0.71,0.71,0.70,0.65,0.94,0.94,0.94
473.40,0.19,-0.72,0.19,-0.72,0.72,0.71,0.66,0.91,0.91,0.91
478.13,0.16,-0.73,0.16,-0.73,0.73,0.72,0.67,0.89,0.89,0.89
482.91,0.12,-0.74,0.12,-0.74,0.74,0.74,0.68,0.86,0.86,0.86
487.74,0.09,-0.75,0.09,-0.75,0.75,0.75,0.69,0.84,0.84,0.84
492.62,0.05,-0.76,0.05,-0.76,0.76,0.76,0.70,0.81,0.81,0.81
497.55,0.01,-0.78,0.01,-0.77,0.77,0.78,0.71,0.79,0.79,0.79
502.52,-0.02,-0.79,-0.02,-0.79,0.79,0.79,0.72,0.77,0.77,0.77
507.55,-0.05,-0.80,-0.06,-0.80,0.80,0.80,0.73,0.74,0.74,0.74
512.62,-0.09,-0.81,-0.09,-0.81,0.81,0.81,0.74,0.72,0.72,0.72
517.75,-0.13,-0.82,-0.13,-0.82,0.82,0.83,0.74,0.70,0.70,0.69
522.93,-0.16,-0.83,-0.16,-0.84,0.84,0.84,0.75,0.67,0.67,0.67
528.16,-0.20,-0.85,-0.20,-0.85,0.85,0.85,0.75,0.65,0.65,0.65
533.44,-0.23,-0.86,-0.23,-0.86,0.86,0.86,0.76,0.63,0.63,0.63
538.77,-0.26,-0.87,-0.26,-0.87,0.87,0.87,0.76,0.61,0.61,0.61
544.16,-0.30,-0.88,-0.30,-0.88,0.88,0.88,0.76,0.59,0.59,0.59
549.60,-0.33,-0.89,-0.33,-0.89,0.89,0.90,0.77,0.57,0.57,0.57
555.10,-0.36,-0.90,-0.36,-0.90,0.90,0.91,0.77,0.55,0.55,0.55
560.65,-0.38,-0.91,-0.39,-0.91,0.91,0.92,0.77,0.53,0.53,0.53
566.25,-0.42,-0.92,-0.42,-0.92,0.93,0.93,0.77,0.51,0.51,0.51
571.92,-0.45,-0.94,-0.45,-0.94,0.94,0.94,0.78,0.49,0.49,0.49
577.64,-0.48,-0.95,-0.48,-0.95,0.95,0.95,0.78,0.47,0.47,0.47
583.41,-0.51,-0.96,-0.51,-0.96,0.96,0.96,0.78,0.45,0.45,0.45
589.25,-0.54,-0.98,-0.54,-0.97,0.98,0.97,0.78,0.43,0.43,0.43
595.14,-0.57,-0.99,-0.57,-0.99,0.99,0.98,0.78,0.42,0.42,0.42
601.09,-0.60,-1.00,-0.60,-1.00,1.00,0.99,0.78,0.40,0.40,0.40
607.10,-0.63,-1.01,-0.63,-1.01,1.01,1.00,0.79,0.38,0.38,0.39
613.17,-0.65,-1.02,-0.65,-1.02,1.02,1.01,0.79,0.37,0.37,0.37
619.30,-0.67,-1.03,-0.67,-1.03,1.02,1.02,0.79,0.35,0.35,0.35
625.50,-0.69,-1.03,-0.69,-1.03,1.03,1.03,0.80,0.34,0.34,0.34
631.75,-0.71,-1.04,-0.71,-1.04,1.04,1.04,0.80,0.32,0.33,0.32
638.07,-0.73,-1.04,-0.73,-1.04,1.04,1.04,0.80,0.31,0.31,0.31
644.45,-0.75,-1.04,-0.75,-1.05,1.05,1.05,0.81,0.30,0.30,0.30
650.89,-0.76,-1.05,-0.77,-1.05,1.05,1.06,0.81,0.29,0.29,0.29
657.40,-0.78,-1.06,-0.78,-1.06,1.05,1.07,0.82,0.27,0.27,0.27
663.98,-0.80,-1.06,-0.80,-1.06,1.06,1.08,0.83,0.25,0.25,0.26
670.62,-0.82,-1.07,-0.82,-1.07,1.06,1.09,0.83,0.24,0.24,0.25
677.32,-0.83,-1.07,-0.83,-1.07,1.07,1.09,0.84,0.23,0.23,0.23
684.10,-0.85,-1.07,-0.85,-1.07,1.08,1.10,0.85,0.23,0.23,0.22
690.94,-0.86,-1.07,-0.86,-1.07,1.09,1.11,0.86,0.23,0.23,0.21
697.85,-0.87,-1.08,-0.88,-1.09,1.10,1.12,0.87,0.23,0.23,0.21
704.83,-0.89,-1.11,-0.89,-1.11,1.12,1.13,0.88,0.23,0.23,0.22
711.87,-0.91,-1.15,-0.91,-1.14,1.14,1.14,0.89,0.23,0.23,0.24
718.99,-0.92,-1.17,-0.92,-1.17,1.15,1.14,0.90,0.23,0.23,0.25
726.18,-0.93,-1.18,-0.93,-1.18,1.17,1.15,0.91,0.24,0.24,0.25
733.44,-0.94,-1.19,-0.94,-1.19,1.18,1.16,0.93,0.24,0.24,0.25
740.78,-0.95,-1.20,-0.95,-1.20,1.19,1.17,0.94,0.25,0.25,0.25
748.19,-0.95,-1.19,-0.95,-1.20,1.20,1.18,0.95,0.25,0.25,0.25
755.67,-0.95,-1.20,-0.95,-1.20,1.20,1.19,0.97,0.26,0.26,0.25
763.23,-0.94,-1.20,-0.94,-1.20,1.21,1.20,0.98,0.26,0.26,0.26
770.86,-0.94,-1.21,-0.94,-1.21,1.21,1.21,1.00,0.27,0.27,0.27
778.57,-0.94,-1.22,-0.94,-1.22,1.22,1.22,1.02,0.28,0.28,0.28
786.35,-0.94,-1.23,-0.94,-1.23,1.23,1.23,1.04,0.29,0.29,0.29
794.22,-0.93,-1.24,-0.93,-1.24,1.24,1.24,1.05,0.31,0.31,0.31
802.16,-0.93,-1.25,-0.93,-1.25,1.25,1.25,1.07,0.32,0.32,0.32
810.18,-0.92,-1.26,-0.92,-1.26,1.26,1.26,1.09,0.34,0.34,0.35
818.28,-0.91,-1.28,-0.91,-1.27,1.27,1.27,1.11,0.37,0.37,0.37
826.46,-0.89,-1.29,-0.89,-1.29,1.29,1.28,1.13,0.40,0.40,0.39
834.73,-0.87,-1.29,-0.87,-1.30,1.30,1.29,1.15,0.43,0.43,0.42
843.08,-0.85,-1.31,-0.85,-1.31,1.31,1.30,1.17,0.46,0.46,0.46
851.51,-0.83,-1.32,-0.83,-1.32,1.32,1.31,1.19,0.49,0.49,0.49
860.02,-0.81,-1.34,-0.81,-1.34,1.33,1.32,1.20,0.52,0.52,0.53
868.62,-0.79,-1.34,-0.79,-1.34,1.33,1.33,1.22,0.54,0.54,0.56
877.31,-0.76,-1.34,-0.76,-1.34,1.33,1.34,1.24,0.57,0.57,0.59
886.08,-0.72,-1.33,-0.72,-1.33,1.32,1.34,1.26,0.60,0.60,0.61
894.94,-0.68,-1.31,-0.68,-1.31,1.31,1.35,1.28,0.63,0.63,0.63
903.89,-0.64,-1.29,-0.64,-1.29,1.30,1.36,1.29,0.66,0.66,0.66
912.93,-0.59,-1.28,-0.59,-1.28,1.29,1.37,1.31,0.70,0.70,0.68
922.06,-0.55,-1.27,-0.55,-1.27,1.29,1.37,1.33,0.74,0.74,0.73
931.28,-0.50,-1.28,-0.50,-1.28,1.29,1.38,1.34,0.79,0.79,0.78
940.59,-0.44,-1.29,-0.44,-1.29,1.30,1.39,1.35,0.85,0.86,0.85
950.00,-0.38,-1.31,-0.38,-1.31,1.31,1.39,1.36,0.93,0.93,0.93
959.50,-0.32,-1.33,-0.32,-1.33,1.33,1.40,1.37,1.02,1.02,1.02
969.09,-0.25,-1.36,-0.25,-1.36,1.36,1.40,1.38,1.11,1.11,1.11
978.78,-0.17,-1.39,-0.17,-1.39,1.39,1.41,1.39,1.22,1.21,1.22
988.57,-0.10,-1.42,-0.10,-1.42,1.42,1.41,1.40,1.32,1.32,1.32
998.46,-0.01,-1.45,-0.01,-1.45,1.45,1.41,1.40,1.43,1.43,1.43
1008.44,0.08,-1.47,0.08,-1.47,1.47,1.42,1.41,1.55,1.55,1.55
1018.53,0.18,-1.50,0.17,-1.50,1.50,1.42,1.41,1.67,1.67,1.67
1028.71,0.28,-1.52,0.28,-1.52,1.52,1.42,1.41,1.79,1.79,1.79
1039.00,0.38,-1.53,0.38,-1.53,1.53,1.42,1.41,1.92,1.92,1.92
1049.39,0.49,-1.55,0.49,-1.55,1.55,1.42,1.41,2.04,2.04,2.04
1059.88,0.61,-1.56,0.61,-1.56,1.55,1.42,1.40,2.16,2.16,2.17
1070.48,0.73,-1.56,0.73,-1.56,1.56,1.42,1.40,2.29,2.29,2.29
1081.19,0.86,-1.56,0.86,-1.56,1.56,1.42,1.39,2.42,2.42,2.42
1092.00,0.99,-1.55,0.99,-1.55,1.55,1.42,1.39,2.55,2.55,2.54
1102.92,1.13,-1.54,1.13,-1.54,1.54,1.42,1.38,2.67,2.67,2.67
1113.95,1.27,-1.53,1.27,-1.53,1.53,1.42,1.37,2.80,2.80,2.79
1125.09,1.40,-1.51,1.40,-1.51,1.51,1.42,1.36,2.92,2.92,2.92
1136.34,1.54,-1.50,1.54,-1.50,1.49,1.42,1.35,3.04,3.04,3.04
1147.70,1.68,-1.48,1.68,-1.48,1.48,1.41,1.34,3.16,3.15,3.16
1159.18,1.82,-1.46,1.82,-1.46,1.45,1.41,1.33,3.27,3.27,3.27
1170.77,1.95,-1.43,1.95,-1.43,1.43,1.41,1.32,3.38,3.38,3.38
1182.48,2.08,-1.41,2.08,-1.41,1.41,1.40,1.31,3.49,3.49,3.50
1194.30,2.21,-1.39,2.21,-1.39,1.39,1.40,1.30,3.60,3.60,3.60
1206.25,2.34,-1.37,2.33,-1.37,1.37,1.39,1.29,3.71,3.71,3.71
1218.31,2.45,-1.35,2.45,-1.35,1.36,1.38,1.28,3.81,3.81,3.81
1230.49,2.56,-1.34,2.57,-1.34,1.34,1.38,1.28,3.91,3.91,3.90
1242.80,2.67,-1.33,2.67,-1.33,1.33,1.37,1.27,4.00,4.00,4.00
1255.22,2.78,-1.32,2.78,-1.32,1.31,1.36,1.26,4.09,4.09,4.09
1267.78,2.88,-1.30,2.88,-1.30,1.30,1.35,1.25,4.18,4.18,4.18
1280.45,2.98,-1.29,2.97,-1.29,1.29,1.34,1.24,4.27,4.27,4.27
1293.26,3.07,-1.28,3.07,-1.28,1.28,1.33,1.24,4.35,4.35,4.35
1306.19,3.16,-1.27,3.16,-1.27,1.27,1.32,1.23,4.43,4.43,4.43
1319.25,3.25,-1.26,3.25,-1.26,1.26,1.31,1.23,4.52,4.51,4.51
1332.45,3.34,-1.25,3.34,-1.25,1.25,1.30,1.23,4.59,4.59,4.59
1345.77,3.43,-1.24,3.43,-1.24,1.24,1.28,1.22,4.67,4.67,4.67
1359.23,3.51,-1.23,3.51,-1.23,1.23,1.27,1.22,4.74,4.74,4.74
1372.82,3.60,-1.21,3.60,-1.21,1.21,1.25,1.22,4.81,4.81,4.81
1386.55,3.68,-1.20,3.68,-1.20,1.20,1.24,1.22,4.88,4.88,4.88
1400.41,3.76,-1.19,3.76,-1.19,1.19,1.22,1.22,4.95,4.95,4.95
1414.42,3.84,-1.17,3.84,-1.17,1.17,1.20,1.23,5.02,5.02,5.02
1428.56,3.93,-1.16,3.93,-1.16,1.16,1.18,1.23,5.08,5.08,5.09
1442.85,4.01,-1.14,4.01,-1.14,1.14,1.17,1.23,5.15,5.15,5.15
1457.28,4.09,-1.13,4.09,-1.13,1.13,1.14,1.24,5.22,5.22,5.22
1471.85,4.17,-1.11,4.17,-1.11,1.11,1.12,1.25,5.28,5.28,5.28
1486.57,4.25,-1.10,4.25,-1.10,1.10,1.10,1.25,5.35,5.35,5.35
1501.43,4.33,-1.09,4.33,-1.09,1.09,1.08,1.26,5.42,5.42,5.42
1516.45,4.41,-1.07,4.41,-1.07,1.07,1.06,1.27,5.49,5.49,5.49
1531.61,4.50,-1.06,4.50,-1.06,1.06,1.04,1.28,5.56,5.56,5.55
1546.93,4.58,-1.05,4.58,-1.05,1.05,1.02,1.29,5.63,5.63,5.63
1562.40,4.67,-1.03,4.67,-1.03,1.03,0.99,1.31,5.70,5.70,5.70
1578.02,4.75,-1.02,4.75,-1.02,1.02,0.97,1.32,5.77,5.77,5.77
1593.80,4.84,-1.01,4.84,-1.01,1.01,0.95,1.33,5.85,5.85,5.85
1609.74,4.93,-0.99,4.93,-0.99,0.99,0.93,1.34,5.92,5.92,5.92
1625.84,5.01,-0.97,5.01,-0.97,0.97,0.91,1.36,5.99,5.99,5.99
1642.10,5.10,-0.96,5.10,-0.96,0.95,0.90,1.37,6.06,6.06,6.06
1658.52,5.19,-0.94,5.19,-0.94,0.93,0.88,1.39,6.12,6.12,6.13
1675.10,5.28,-0.92,5.28,-0.92,0.91,0.87,1.40,6.19,6.19,6.20
1691.85,5.37,-0.89,5.37,-0.89,0.89,0.86,1.41,6.26,6.26,6.27
1708.77,5.46,-0.87,5.46,-0.87,0.87,0.86,1.43,6.33,6.33,6.34
1725.86,5.56,-0.85,5.55,-0.85,0.85,0.85,1.44,6.41,6.41,6.41
1743.12,5.65,-0.84,5.65,-0.83,0.84,0.85,1.45,6.49,6.49,6.48
1760.55,5.74,-0.82,5.74,-0.82,0.83,0.85,1.47,6.57,6.57,6.56
1778.15,5.83,-0.82,5.83,-0.82,0.84,0.85,1.48,6.66,6.66,6.65
1795.94,5.92,-0.83,5.92,-0.83,0.84,0.86,1.49,6.76,6.76,6.75
1813.90,6.01,-0.85,6.01,-0.85,0.86,0.86,1.49,6.87,6.87,6.86
1832.03,6.10,-0.88,6.10,-0.88,0.88,0.87,1.50,6.98,6.98,6.98
1850.36,6.19,-0.91,6.19,-0.91,0.90,0.88,1.51,7.09,7.09,7.10
1868.86,6.28,-0.93,6.28,-0.93,0.92,0.89,1.51,7.20,7.20,7.21
1887.55,6.37,-0.95,6.37,-0.95,0.94,0.91,1.51,7.31,7.31,7.32
1906.42,6.46,-0.96,6.46,-0.96,0.96,0.92,1.51,7.42,7.42,7.42
1925.49,6.55,-0.98,6.55,-0.98,0.97,0.93,1.51,7.52,7.52,7.53
1944.74,6.64,-0.98,6.64,-0.99,0.99,0.95,1.50,7.62,7.62,7.62
1964.19,6.72,-0.99,6.72,-0.99,1.00,0.96,1.49,7.72,7.72,7.72
1983.83,6.81,-1.00,6.81,-1.00,1.00,0.98,1.48,7.81,7.81,7.81
2003.67,6.89,-1.01,6.89,-1.01,1.01,0.99,1.47,7.90,7.90,7.90
2023.71,6.97,-1.02,6.97,-1.02,1.02,1.01,1.46,7.99,7.99,7.99
2043.94,7.05,-1.03,7.05,-1.03,1.04,1.02,1.44,8.08,8.08,8.08
2064.38,7.13,-1.05,7.13,-1.05,1.05,1.04,1.42,8.17,8.17,8.17
2085.03,7.20,-1.06,7.20,-1.06,1.06,1.06,1.39,8.26,8.26,8.26
2105.88,7.27,-1.08,7.27,-1.08,1.08,1.08,1.37,8.35,8.35,8.35
2126.94,7.33,-1.10,7.33,-1.10,1.10,1.10,1.34,8.43,8.43,8.43
2148.20,7.40,-1.12,7.40,-1.12,1.12,1.12,1.31,8.51,8.51,8.51
2169.69,7.46,-1.14,7.46,-1.14,1.13,1.14,1.27,8.59,8.59,8.59
2191.38,7.52,-1.16,7.52,-1.16,1.15,1.17,1.24,8.67,8.67,8.67
2213.30,7.57,-1.18,7.57,-1.18,1.18,1.19,1.20,8.75,8.75,8.75
2235.43,7.63,-1.20,7.63,-1.20,1.20,1.22,1.16,8.82,8.82,8.83
2257.78,7.68,-1.22,7.68,-1.22,1.22,1.25,1.12,8.90,8.90,8.90
2280.36,7.73,-1.25,7.73,-1.25,1.25,1.29,1.08,8.98,8.98,8.97
2303.17,7.78,-1.27,7.78,-1.28,1.29,1.32,1.04,9.06,9.06,9.05
2326.20,7.83,-1.31,7.83,-1.31,1.32,1.36,0.99,9.15,9.15,9.14
2349.46,7.87,-1.35,7.87,-1.35,1.36,1.39,0.95,9.23,9.23,9.23
2372.95,7.92,-1.39,7.92,-1.40,1.39,1.43,0.90,9.31,9.31,9.31
2396.68,7.97,-1.43,7.97,-1.43,1.43,1.46,0.85,9.39,9.39,9.40
2420.65,8.01,-1.46,8.01,-1.46,1.45,1.49,0.81,9.47,9.47,9.48
2444.86,8.06,-1.48,8.06,-1.48,1.48,1.51,0.76,9.53,9.53,9.54
2469.31,8.11,-1.50,8.11,-1.49,1.49,1.53,0.71,9.59,9.59,9.60
2494.00,8.15,-1.50,8.15,-1.50,1.49,1.53,0.66,9.65,9.65,9.65
2518.94,8.20,-1.49,8.20,-1.49,1.49,1.52,0.61,9.69,9.69,9.69
2544.13,8.25,-1.48,8.25,-1.48,1.48,1.50,0.56,9.73,9.73,9.73
2569.57,8.30,-1.45,8.30,-1.45,1.46,1.47,0.51,9.76,9.76,9.75
2595.27,8.35,-1.43,8.35,-1.43,1.43,1.43,0.46,9.78,9.78,9.78
2621.22,8.40,-1.40,8.40,-1.40,1.40,1.39,0.41,9.79,9.80,9.80
2647.43,8.45,-1.36,8.45,-1.36,1.36,1.33,0.36,9.81,9.81,9.81
2673.90,8.50,-1.31,8.50,-1.31,1.31,1.28,0.31,9.81,9.81,9.81
2700.64,8.55,-1.27,8.55,-1.27,1.26,1.22,0.26,9.81,9.81,9.82
2727.65,8.60,-1.21,8.60,-1.21,1.21,1.17,0.21,9.81,9.81,9.81
2754.93,8.65,-1.16,8.65,-1.16,1.16,1.11,0.16,9.81,9.81,9.81
2782.48,8.70,-1.10,8.70,-1.10,1.10,1.06,0.11,9.79,9.79,9.79
2810.30,8.74,-1.04,8.74,-1.04,1.04,1.01,0.05,9.78,9.78,9.78
2838.40,8.78,-0.98,8.78,-0.98,0.98,0.96,0.00,9.76,9.76,9.76
2866.79,8.82,-0.91,8.82,-0.91,0.91,0.92,-0.05,9.74,9.74,9.74
2895.46,8.86,-0.85,8.86,-0.85,0.85,0.88,-0.10,9.71,9.71,9.71
2924.41,8.89,-0.79,8.89,-0.79,0.79,0.84,-0.15,9.68,9.68,9.68
2953.65,8.91,-0.74,8.91,-0.74,0.74,0.80,-0.20,9.65,9.64,9.65
2983.19,8.92,-0.68,8.92,-0.68,0.68,0.76,-0.25,9.60,9.60,9.60
3013.02,8.93,-0.63,8.94,-0.63,0.63,0.73,-0.30,9.56,9.56,9.56
3043.15,8.94,-0.58,8.94,-0.57,0.57,0.69,-0.35,9.51,9.51,9.51
3073.58,8.93,-0.53,8.93,-0.53,0.53,0.66,-0.40,9.46,9.46,9.46
3104.32,8.92,-0.48,8.92,-0.48,0.49,0.63,-0.45,9.41,9.41,9.40
3135.36,8.90,-0.45,8.90,-0.45,0.45,0.60,-0.51,9.35,9.35,9.35
3166.72,8.87,-0.42,8.87,-0.42,0.42,0.57,-0.56,9.29,9.29,9.29
3198.38,8.83,-0.39,8.83,-0.39,0.40,0.54,-0.61,9.23,9.23,9.22
3230.37,8.79,-0.38,8.79,-0.38,0.38,0.51,-0.66,9.17,9.17,9.17
3262.67,8.75,-0.36,8.75,-0.36,0.36,0.48,-0.71,9.11,9.11,9.11
3295.30,8.70,-0.35,8.70,-0.35,0.35,0.46,-0.76,9.05,9.05,9.05
3328.25,8.65,-0.34,8.65,-0.34,0.34,0.43,-0.81,8.99,8.99,8.99
3361.53,8.60,-0.33,8.60,-0.33,0.33,0.40,-0.85,8.93,8.93,8.93
3395.15,8.55,-0.32,8.55,-0.32,0.31,0.37,-0.90,8.86,8.86,8.87
3429.10,8.50,-0.30,8.50,-0.30,0.30,0.34,-0.95,8.80,8.80,8.80
3463.39,8.45,-0.28,8.45,-0.28,0.28,0.32,-0.99,8.73,8.73,8.73
3498.03,8.39,-0.26,8.39,-0.26,0.26,0.29,-1.04,8.66,8.66,8.66
3533.01,8.34,-0.24,8.34,-0.24,0.24,0.26,-1.08,8.58,8.58,8.58
3568.34,8.29,-0.21,8.29,-0.22,0.22,0.23,-1.12,8.51,8.51,8.51
3604.02,8.24,-0.19,8.25,-0.19,0.19,0.20,-1.16,8.43,8.43,8.44
3640.06,8.20,-0.16,8.20,-0.16,0.15,0.17,-1.20,8.36,8.36,8.37
3676.46,8.17,-0.13,8.16,-0.13,0.12,0.13,-1.24,8.28,8.28,8.29
3713.22,8.13,-0.09,8.13,-0.09,0.08,0.10,-1.27,8.21,8.21,8.22
3750.36,8.10,-0.04,8.10,-0.04,0.04,0.06,-1.31,8.13,8.14,8.14
3787.86,8.07,0.00,8.07,0.01,-0.00,0.03,-1.33,8.07,8.07,8.06
3825.74,8.04,0.05,8.04,0.05,-0.04,-0.01,-1.36,8.00,8.00,7.99
3864.00,8.02,0.09,8.02,0.09,-0.07,-0.05,-1.39,7.95,7.95,7.93
3902.64,8.01,0.11,8.00,0.12,-0.10,-0.09,-1.41,7.91,7.91,7.89
3941.66,8.00,0.13,8.00,0.13,-0.12,-0.13,-1.42,7.87,7.87,7.86
3981.08,7.99,0.15,7.99,0.15,-0.14,-0.18,-1.44,7.85,7.85,7.85
4020.89,8.00,0.16,8.00,0.16,-0.16,-0.23,-1.45,7.84,7.84,7.85
4061.10,8.02,0.17,8.02,0.17,-0.18,-0.28,-1.46,7.84,7.84,7.85
4101.71,8.05,0.20,8.05,0.20,-0.21,-0.33,-1.47,7.84,7.84,7.85
4142.73,8.09,0.24,8.09,0.24,-0.25,-0.39,-1.47,7.85,7.85,7.86
4184.15,8.14,0.29,8.15,0.29,-0.29,-0.45,-1.47,7.85,7.85,7.86
4226.00,8.22,0.35,8.22,0.35,-0.35,-0.52,-1.47,7.86,7.86,7.87
4268.26,8.30,0.42,8.30,0.43,-0.43,-0.59,-1.46,7.87,7.87,7.87
4310.94,8.39,0.51,8.40,0.51,-0.51,-0.67,-1.46,7.88,7.88,7.88
4354.05,8.51,0.62,8.51,0.61,-0.61,-0.75,-1.45,7.89,7.89,7.89
4397.59,8.63,0.73,8.63,0.72,-0.72,-0.84,-1.43,7.91,7.91,7.91
4441.56,8.76,0.84,8.76,0.84,-0.84,-0.93,-1.42,7.92,7.93,7.92
4485.98,8.90,0.97,8.90,0.97,-0.96,-1.04,-1.41,7.94,7.94,7.94
4530.84,9.05,1.10,9.05,1.10,-1.10,-1.15,-1.39,7.96,7.96,7.95
4576.15,9.21,1.25,9.21,1.25,-1.24,-1.28,-1.37,7.97,7.97,7.96
4621.91,9.38,1.40,9.38,1.40,-1.40,-1.41,-1.35,7.98,7.98,7.98
4668.13,9.56,1.56,9.56,1.57,-1.57,-1.56,-1.33,7.99,7.99,7.99
4714.81,9.74,1.75,9.74,1.75,-1.75,-1.72,-1.31,7.99,7.99,8.00
4761.96,9.94,1.94,9.94,1.94,-1.95,-1.90,-1.29,7.99,7.99,8.00
4809.58,10.16,2.16,10.16,2.16,-2.17,-2.09,-1.27,7.99,7.99,8.00
4857.67,10.38,2.39,10.38,2.39,-2.41,-2.30,-1.25,7.98,7.98,7.99
4906.25,10.62,2.65,10.62,2.65,-2.66,-2.53,-1.23,7.96,7.96,7.97
4955.31,10.87,2.92,10.87,2.92,-2.93,-2.78,-1.21,7.94,7.94,7.95
5004.87,11.13,3.21,11.13,3.21,-3.22,-3.05,-1.19,7.91,7.91,7.92
5054.91,11.39,3.51,11.39,3.51,-3.52,-3.34,-1.17,7.87,7.87,7.88
5105.46,11.65,3.82,11.65,3.82,-3.83,-3.65,-1.15,7.83,7.83,7.84
5156.52,11.91,4.12,11.91,4.12,-4.13,-3.97,-1.13,7.78,7.78,7.78
5208.08,12.14,4.42,12.14,4.42,-4.42,-4.30,-1.12,7.72,7.72,7.72
5260.16,12.35,4.70,12.35,4.70,-4.70,-4.62,-1.10,7.65,7.65,7.65
5312.77,12.53,4.96,12.53,4.96,-4.95,-4.93,-1.08,7.59,7.58,7.57
5365.89,12.67,5.18,12.66,5.17,-5.16,-5.19,-1.07,7.51,7.50,7.49
5419.55,12.74,5.35,12.74,5.35,-5.32,-5.44,-1.05,7.42,7.42,7.39
5473.75,12.75,5.47,12.75,5.47,-5.43,-5.57,-1.04,7.32,7.31,7.28
5528.49,12.70,5.54,12.68,5.53,-5.49,-5.67,-1.03,7.21,7.19,7.15
5583.77,12.56,5.53,12.55,5.52,-5.48,-5.62,-1.02,7.07,7.06,7.02
5639.61,12.34,5.46,12.34,5.46,-5.42,-5.54,-1.01,6.92,6.92,6.88
5696.00,12.09,5.35,12.07,5.33,-5.29,-5.34,-1.00,6.80,6.78,6.73
5752.96,11.75,5.17,11.75,5.16,-5.11,-5.11,-0.99,6.64,6.64,6.58
5810.49,11.40,4.97,11.39,4.95,-4.89,-4.81,-0.99,6.51,6.50,6.43
5868.60,11.00,4.71,10.99,4.68,-4.63,-4.50,-0.98,6.37,6.36,6.29
5927.28,10.59,4.42,10.58,4.40,-4.34,-4.17,-0.98,6.25,6.24,6.17
5986.56,10.17,4.11,10.16,4.09,-4.04,-3.85,-0.97,6.12,6.12,6.05
6046.42,9.74,3.82,9.74,3.79,-3.74,-3.54,-0.97,6.01,6.01,5.92
6106.89,9.32,3.53,9.33,3.50,-3.43,-3.24,-0.97,5.89,5.90,5.79
6167.96,8.91,3.26,8.93,3.24,-3.14,-2.97,-0.97,5.77,5.79,5.65
6229.64,8.52,3.01,8.56,3.00,-2.86,-2.71,-0.97,5.66,5.70,5.50
6291.93,8.14,2.79,8.21,2.78,-2.60,-2.48,-0.97,5.54,5.61,5.36
6354.85,7.79,2.57,7.90,2.58,-2.36,-2.26,-0.98,5.43,5.53,5.22
6418.40,7.46,2.37,7.61,2.40,-2.15,-2.07,-0.98,5.31,5.47,5.09
6482.58,7.15,2.19,7.37,2.25,-1.95,-1.89,-0.99,5.20,5.42,4.96
6547.41,6.88,2.03,7.16,2.13,-1.77,-1.73,-0.99,5.10,5.39,4.84
6612.88,6.62,1.88,7.00,2.05,-1.62,-1.58,-1.00,5.00,5.38,4.74
6679.01,6.39,1.75,6.88,2.00,-1.48,-1.46,-1.01,4.91,5.40,4.65
6745.80,6.20,1.63,6.81,1.99,-1.36,-1.34,-1.02,4.83,5.45,4.56
6813.26,6.02,1.53,6.78,2.03,-1.25,-1.23,-1.02,4.77,5.53,4.49
6881.39,5.88,1.45,6.79,2.12,-1.15,-1.13,-1.03,4.73,5.64,4.44
6950.21,5.78,1.38,6.82,2.25,-1.06,-1.05,-1.04,4.72,5.77,4.40
7019.71,5.70,1.32,6.87,2.41,-0.96,-0.96,-1.05,4.74,5.91,4.38
7089.91,5.65,1.27,6.93,2.58,-0.87,-0.89,-1.06,4.79,6.06,4.38
7160.81,5.65,1.23,6.98,2.74,-0.77,-0.82,-1.07,4.88,6.21,4.41
7232.41,5.67,1.20,7.01,2.90,-0.67,-0.76,-1.08,5.00,6.34,4.47
7304.74,5.71,1.17,7.02,3.04,-0.57,-0.71,-1.09,5.14,6.45,4.54
7377.79,5.80,1.16,7.01,3.15,-0.48,-0.66,-1.09,5.32,6.54,4.64
7451.56,5.92,1.14,6.98,3.23,-0.39,-0.61,-1.10,5.53,6.59,4.77
7526.08,6.07,1.13,6.92,3.29,-0.31,-0.57,-1.10,5.76,6.61,4.94
7601.34,6.26,1.12,6.84,3.32,-0.24,-0.53,-1.11,6.02,6.60,5.14
7677.35,6.53,1.14,6.75,3.33,-0.19,-0.49,-1.11,6.34,6.56,5.39
7754.13,6.82,1.16,6.63,3.32,-0.14,-0.46,-1.11,6.68,6.49,5.66
7831.67,7.23,1.23,6.50,3.30,-0.11,-0.43,-1.11,7.12,6.39,5.99
7909.98,7.69,1.33,6.35,3.25,-0.08,-0.40,-1.11,7.61,6.27,6.36
7989.08,8.23,1.45,6.18,3.19,-0.06,-0.38,-1.10,8.17,6.12,6.78
8068.98,8.86,1.63,5.99,3.12,-0.04,-0.35,-1.10,8.81,5.95,7.23
8149.67,9.50,1.81,5.79,3.03,-0.03,-0.33,-1.09,9.47,5.76,7.69
8231.16,10.14,2.00,5.58,2.93,-0.02,-0.31,-1.08,10.12,5.56,8.15
8313.47,10.64,2.14,5.36,2.83,-0.02,-0.29,-1.06,10.63,5.34,8.50
8396.61,11.02,2.25,5.13,2.73,-0.01,-0.27,-1.05,11.01,5.12,8.77
8480.57,11.09,2.28,4.91,2.63,-0.01,-0.26,-1.03,11.09,4.90,8.81
8565.38,10.80,2.24,4.69,2.54,-0.01,-0.24,-1.01,10.80,4.68,8.56
8651.03,10.25,2.16,4.48,2.44,-0.00,-0.23,-0.99,10.25,4.48,8.09
8737.54,9.43,2.04,4.29,2.34,-0.00,-0.21,-0.97,9.43,4.28,7.39
8824.92,8.39,1.89,4.10,2.24,-0.00,-0.20,-0.95,8.39,4.10,6.51
8913.17,7.26,1.73,3.93,2.13,-0.00,-0.19,-0.92,7.26,3.93,5.54
9002.30,6.11,1.57,3.76,2.02,-0.00,-0.18,-0.90,6.11,3.76,4.54
9092.32,4.99,1.44,3.59,1.90,-0.00,-0.17,-0.87,4.99,3.59,3.55
9183.25,3.93,1.34,3.43,1.77,-0.00,-0.16,-0.84,3.93,3.43,2.59
9275.08,2.93,1.27,3.27,1.63,-0.00,-0.15,-0.82,2.93,3.27,1.66
9367.83,2.00,1.25,3.10,1.49,-0.00,-0.14,-0.79,2.00,3.10,0.75
9461.51,1.16,1.22,2.93,1.34,-0.00,-0.13,-0.76,1.16,2.93,-0.06
9556.12,0.38,1.22,2.75,1.18,-0.00,-0.12,-0.74,0.38,2.75,-0.84
9651.68,-0.34,1.25,2.57,1.02,-0.00,-0.12,-0.71,-0.34,2.57,-1.59
9748.20,-1.01,1.29,2.39,0.85,-0.00,-0.11,-0.68,-1.01,2.39,-2.30
9845.68,-1.61,1.34,2.21,0.69,-0.00,-0.10,-0.66,-1.61,2.21,-2.95
9944.14,-2.16,1.42,2.04,0.53,-0.00,-0.10,-0.63,-2.16,2.04,-3.58
10043.58,-2.66,1.51,1.87,0.38,-0.00,-0.09,-0.61,-2.66,1.87,-4.17
10144.02,-3.11,1.63,1.66,0.30,-0.00,-0.09,-0.58,-3.11,1.66,-4.74
10245.46,-3.50,1.75,1.44,0.23,0.00,-0.08,-0.56,-3.50,1.44,-5.25
10347.91,-3.85,1.90,1.22,0.15,0.00,-0.08,-0.54,-3.85,1.22,-5.75
10451.39,-4.16,2.08,0.99,0.06,0.00,-0.07,-0.51,-4.16,0.99,-6.24
10555.91,-4.41,2.28,0.77,-0.02,0.00,-0.07,-0.49,-4.41,0.77,-6.68
10661.46,-4.61,2.49,0.54,-0.10,0.00,-0.07,-0.47,-4.61,0.54,-7.11
10768.08,-4.78,2.73,0.31,-0.18,0.00,-0.06,-0.45,-4.78,0.31,-7.51
10875.76,-4.89,2.99,0.08,-0.26,0.00,-0.06,-0.43,-4.89,0.08,-7.88
10984.52,-4.95,3.25,-0.16,-0.34,0.00,-0.06,-0.41,-4.95,-0.16,-8.20
11094.36,-4.96,3.50,-0.39,-0.43,0.00,-0.05,-0.40,-4.96,-0.39,-8.46
11205.31,-4.92,3.73,-0.63,-0.51,0.00,-0.05,-0.38,-4.92,-0.63,-8.65
11317.36,-4.79,3.78,-0.87,-0.60,0.00,-0.05,-0.36,-4.79,-0.87,-8.56
11430.53,-4.61,3.69,-1.12,-0.68,0.00,-0.04,-0.35,-4.61,-1.12,-8.30
11544.84,-4.33,3.28,-1.36,-0.77,0.00,-0.04,-0.33,-4.33,-1.36,-7.61
11660.29,-3.97,2.62,-1.61,-0.85,0.00,-0.04,-0.32,-3.97,-1.61,-6.59
11776.89,-3.55,1.89,-1.86,-0.94,0.00,-0.04,-0.30,-3.55,-1.86,-5.44
11894.66,-2.90,1.42,-2.11,-1.02,0.00,-0.04,-0.29,-2.90,-2.11,-4.32
12013.60,-2.22,1.03,-2.37,-1.11,0.00,-0.03,-0.28,-2.22,-2.37,-3.25
12133.74,-1.38,1.07,-2.62,-1.20,0.00,-0.03,-0.27,-1.38,-2.62,-2.46
12255.08,-0.34,1.59,-2.88,-1.29,0.00,-0.03,-0.25,-0.34,-2.88,-1.93
12377.63,0.82,2.32,-3.14,-1.38,0.00,-0.03,-0.24,0.82,-3.14,-1.50
12501.41,2.05,3.19,-3.41,-1.47,0.00,-0.03,-0.23,2.05,-3.41,-1.13
12626.42,3.18,3.93,-3.67,-1.56,0.00,-0.03,-0.22,3.18,-3.67,-0.75
12752.68,3.93,4.22,-3.94,-1.65,0.00,-0.02,-0.21,3.93,-3.94,-0.29
12880.21,3.83,3.50,-4.21,-1.74,0.00,-0.02,-0.20,3.83,-4.21,0.33
13009.01,3.27,2.24,-4.48,-1.83,0.00,-0.02,-0.20,3.27,-4.48,1.03
13139.10,2.71,0.99,-4.76,-1.92,0.00,-0.02,-0.19,2.71,-4.76,1.72
13270.49,1.26,-1.44,-5.03,-2.01,0.00,-0.02,-0.18,1.26,-5.03,2.70
13403.20,-0.35,-4.13,-5.31,-2.10,0.00,-0.02,-0.17,-0.35,-5.31,3.77
13537.23,-1.96,-6.92,-5.59,-2.20,0.00,-0.02,-0.17,-1.96,-5.59,4.96
13672.60,-3.44,-9.38,-5.88,-2.29,0.00,-0.02,-0.16,-3.44,-5.88,5.93
13809.33,-4.80,-11.45,-6.16,-2.38,0.00,-0.02,-0.15,-4.80,-6.16,6.65
13947.42,-5.92,-12.25,-6.45,-2.48,0.00,-0.01,-0.15,-5.92,-6.45,6.33
14086.90,-6.87,-12.27,-6.74,-2.57,0.00,-0.01,-0.14,-6.87,-6.74,5.41
14227.77,-7.71,-11.82,-7.03,-2.67,0.00,-0.01,-0.14,-7.71,-7.03,4.10
14370.04,-8.45,-11.21,-7.33,-2.76,0.00,-0.01,-0.13,-8.45,-7.33,2.76
14513.74,-9.07,-10.45,-7.62,-2.86,0.00,-0.01,-0.13,-9.07,-7.62,1.38
14658.88,-9.51,-9.72,-7.92,-2.96,0.00,-0.01,-0.13,-9.51,-7.92,0.21
14805.47,-9.88,-9.03,-8.22,-3.05,0.00,-0.01,-0.12,-9.88,-8.22,-0.85
14953.52,-10.13,-8.39,-8.53,-3.15,0.00,-0.01,-0.12,-10.13,-8.53,-1.75
15103.06,-10.24,-7.77,-8.83,-3.25,0.00,-0.01,-0.12,-10.24,-8.83,-2.48
15254.09,-10.29,-7.16,-9.14,-3.35,0.00,-0.01,-0.11,-10.29,-9.14,-3.12
15406.63,-10.14,-6.61,-9.45,-3.45,0.00,-0.01,-0.11,-10.14,-9.45,-3.54
15560.70,-9.91,-6.05,-9.76,-3.55,0.00,-0.01,-0.11,-9.91,-9.76,-3.86
15716.30,-9.55,-5.49,-10.08,-3.65,0.00,-0.01,-0.10,-9.55,-10.08,-4.06
15873.47,-9.02,-4.93,-10.40,-3.75,0.00,-0.01,-0.10,-9.02,-10.40,-4.09
16032.20,-8.43,-4.41,-10.71,-3.85,0.00,-0.01,-0.10,-8.43,-10.71,-4.02
16192.52,-7.77,-4.00,-11.04,-3.95,0.00,-0.01,-0.09,-7.77,-11.04,-3.77
16354.45,-7.28,-3.83,-11.36,-4.05,0.00,-0.00,-0.09,-7.28,-11.36,-3.44
16517.99,-6.93,-3.86,-11.69,-4.16,0.00,-0.00,-0.08,-6.93,-11.69,-3.08
16683.17,-7.12,-4.36,-12.01,-4.26,0.00,-0.00,-0.08,-7.12,-12.01,-2.76
16850.01,-7.73,-5.00,-12.34,-4.36,0.00,-0.00,-0.07,-7.73,-12.34,-2.73
17018.51,-8.67,-5.68,-12.68,-4.47,0.00,-0.00,-0.07,-8.67,-12.68,-2.99
17188.69,-10.05,-6.09,-13.01,-4.57,0.00,-0.00,-0.06,-10.05,-13.01,-3.97
17360.58,-11.53,-6.27,-13.35,-4.68,0.00,-0.00,-0.06,-11.53,-13.35,-5.26
17534.18,-13.03,-6.27,-13.69,-4.78,0.00,-0.00,-0.05,-13.03,-13.69,-6.76
17709.53,-14.44,-6.09,-14.03,-4.89,0.00,-0.00,-0.05,-14.44,-14.03,-8.35
17886.62,-15.65,-5.79,-14.37,-4.99,0.00,-0.00,-0.04,-15.65,-14.37,-9.87
18065.49,-16.71,-5.40,-14.72,-5.10,0.00,-0.00,-0.04,-16.71,-14.72,-11.31
18246.14,-17.58,-4.93,-15.07,-5.21,0.00,-0.00,-0.03,-17.58,-15.07,-12.65
18428.60,-18.17,-4.32,-15.42,-5.32,0.00,-0.00,-0.03,-18.17,-15.42,-13.85
18612.89,-18.59,-3.59,-15.77,-5.42,0.00,-0.00,-0.03,-18.59,-15.77,-15.00
18799.02,-18.86,-2.82,-16.12,-5.53,0.00,-0.00,-0.02,-18.86,-16.12,-16.04
18987.01,-18.99,-2.10,-16.48,-5.64,0.00,-0.00,-0.02,-18.99,-16.48,-16.89
19176.88,-19.18,-1.47,-16.84,-5.75,0.00,-0.00,-0.02,-19.18,-16.84,-17.71
19368.65,-19.65,-1.00,-17.20,-5.86,0.00,-0.00,-0.01,-19.65,-17.20,-18.65
19562.33,-20.51,-0.82,-17.56,-5.97,0.00,-0.00,-0.01,-20.51,-17.56,-19.69
19757.96,-21.84,-1.06,-17.93,-6.08,0.00,-0.00,-0.01,-21.84,-17.93,-20.78
19955.54,-23.16,-1.30,-18.30,-6.20,0.00,-0.00,-0.01,-23.16,-18.30,-21.86
