frequency,raw,error,smoothed,error_smoothed,equalization,parametric_eq,fixed_band_eq,equalized_raw,equalized_smoothed,target
20.00,6.31,0.27,6.31,0.28,-0.16,-0.15,-0.13,6.15,6.15,6.04
20.20,6.36,0.10,6.36,0.07,-0.06,-0.15,-0.14,6.30,6.30,6.26
20.40,6.41,-0.13,6.41,-0.09,0.02,-0.16,-0.14,6.43,6.43,6.54
20.61,6.47,-0.15,6.47,-0.18,0.08,-0.16,-0.14,6.55,6.55,6.61
20.81,6.52,-0.23,6.52,-0.20,0.13,-0.16,-0.15,6.65,6.65,6.75
21.02,6.57,-0.20,6.57,-0.18,0.17,-0.17,-0.15,6.74,6.74,6.77
21.23,6.62,-0.10,6.62,-0.17,0.19,-0.17,-0.15,6.81,6.81,6.72
21.44,6.67,-0.16,6.67,-0.15,0.19,-0.17,-0.16,6.86,6.86,6.83
21.66,6.72,-0.19,6.72,-0.15,0.15,-0.18,-0.16,6.88,6.88,6.91
21.87,6.77,-0.13,6.77,-0.14,0.11,-0.18,-0.17,6.88,6.88,6.91
22.09,6.82,-0.08,6.82,-0.10,0.07,-0.18,-0.17,6.89,6.89,6.91
22.31,6.87,-0.03,6.87,-0.02,0.03,-0.19,-0.17,6.90,6.90,6.91
22.54,6.92,0.03,6.92,0.05,-0.02,-0.19,-0.18,6.91,6.91,6.90
22.76,6.97,0.15,6.97,0.09,-0.06,-0.20,-0.18,6.91,6.91,6.82
22.99,7.02,0.12,7.02,0.11,-0.11,-0.20,-0.19,6.91,6.91,6.90
23.22,7.07,0.07,7.07,0.14,-0.16,-0.20,-0.19,6.91,6.91,7.00
23.45,7.12,0.20,7.12,0.18,-0.20,-0.21,-0.20,6.92,6.92,6.92
23.69,7.17,0.26,7.17,0.23,-0.22,-0.21,-0.20,6.94,6.94,6.91
23.92,7.22,0.28,7.22,0.28,-0.25,-0.22,-0.21,6.97,6.97,6.94
24.16,7.26,0.27,7.26,0.29,-0.27,-0.22,-0.21,6.99,6.99,7.00
24.40,7.31,0.30,7.31,0.29,-0.30,-0.22,-0.22,7.02,7.02,7.01
24.65,7.36,0.31,7.36,0.30,-0.32,-0.23,-0.22,7.03,7.03,7.04
24.89,7.41,0.30,7.41,0.32,-0.35,-0.23,-0.23,7.05,7.05,7.11
25.14,7.45,0.34,7.45,0.35,-0.37,-0.24,-0.24,7.08,7.08,7.11
25.39,7.50,0.39,7.50,0.38,-0.38,-0.24,-0.24,7.12,7.12,7.11
25.65,7.54,0.42,7.54,0.41,-0.40,-0.25,-0.25,7.14,7.14,7.12
25.91,7.59,0.40,7.59,0.43,-0.41,-0.25,-0.25,7.17,7.17,7.18
26.16,7.63,0.42,7.63,0.42,-0.41,-0.26,-0.26,7.22,7.22,7.21
26.43,7.67,0.45,7.67,0.38,-0.37,-0.26,-0.27,7.30,7.30,7.23
26.69,7.72,0.29,7.72,0.33,-0.30,-0.27,-0.27,7.41,7.41,7.43
26.96,7.76,0.25,7.76,0.33,-0.22,-0.27,-0.28,7.54,7.54,7.51
27.23,7.80,0.29,7.80,0.29,-0.17,-0.28,-0.28,7.63,7.63,7.51
27.50,7.84,0.33,7.84,0.14,-0.14,-0.28,-0.29,7.70,7.70,7.51
27.77,7.88,-0.07,7.88,-0.04,-0.15,-0.29,-0.30,7.73,7.73,7.95
28.05,7.92,-0.33,7.92,-0.12,-0.17,-0.29,-0.30,7.75,7.75,8.26
28.33,7.96,-0.01,7.96,0.00,-0.19,-0.30,-0.31,7.77,7.77,7.98
28.62,8.00,0.36,8.00,0.27,-0.20,-0.30,-0.32,7.80,7.80,7.64
28.90,8.04,0.58,8.04,0.50,-0.21,-0.31,-0.32,7.83,7.83,7.46
29.19,8.08,0.47,8.08,0.51,-0.21,-0.32,-0.33,7.86,7.86,7.60
29.48,8.11,0.36,8.11,0.35,-0.23,-0.32,-0.34,7.89,7.89,7.75
29.78,8.15,0.16,8.15,0.16,-0.24,-0.33,-0.34,7.91,7.91,7.99
30.08,8.19,-0.02,8.19,0.05,-0.24,-0.33,-0.35,7.94,7.94,8.21
30.38,8.22,0.02,8.22,0.02,-0.22,-0.34,-0.35,8.00,8.00,8.21
30.68,8.26,0.10,8.26,0.07,-0.18,-0.35,-0.36,8.08,8.08,8.16
30.99,8.29,0.19,8.29,0.17,-0.14,-0.35,-0.37,8.15,8.15,8.11
31.30,8.33,0.22,8.33,0.29,-0.12,-0.36,-0.37,8.21,8.21,8.11
31.61,8.36,0.36,8.36,0.31,-0.13,-0.37,-0.38,8.24,8.24,8.00
31.93,8.40,0.36,8.40,0.26,-0.14,-0.37,-0.38,8.25,8.25,8.03
32.24,8.43,0.08,8.43,0.14,-0.17,-0.38,-0.39,8.26,8.26,8.35
32.57,8.46,0.00,8.46,0.04,-0.21,-0.39,-0.40,8.25,8.25,8.46
32.89,8.49,0.03,8.49,0.06,-0.26,-0.40,-0.40,8.24,8.24,8.46
33.22,8.53,0.23,8.53,0.20,-0.32,-0.40,-0.41,8.21,8.21,8.30
33.55,8.56,0.39,8.56,0.38,-0.39,-0.41,-0.42,8.17,8.17,8.17
33.89,8.59,0.56,8.59,0.57,-0.47,-0.42,-0.42,8.11,8.11,8.03
34.23,8.62,0.72,8.62,0.71,-0.57,-0.43,-0.43,8.05,8.05,7.90
34.57,8.65,0.81,8.65,0.77,-0.66,-0.43,-0.43,7.98,7.98,7.83
34.92,8.68,0.78,8.68,0.77,-0.74,-0.44,-0.44,7.94,7.94,7.89
35.27,8.71,0.70,8.71,0.75,-0.79,-0.45,-0.45,7.92,7.92,8.01
35.62,8.73,0.73,8.73,0.73,-0.80,-0.46,-0.45,7.93,7.93,8.01
35.97,8.76,0.75,8.76,0.75,-0.80,-0.47,-0.46,7.96,7.96,8.01
36.33,8.79,0.78,8.79,0.79,-0.79,-0.48,-0.47,8.00,8.00,8.01
36.70,8.81,0.81,8.81,0.79,-0.77,-0.49,-0.48,8.04,8.04,8.01
37.06,8.84,0.78,8.84,0.78,-0.74,-0.49,-0.48,8.10,8.10,8.06
37.43,8.87,0.74,8.87,0.75,-0.70,-0.50,-0.49,8.17,8.17,8.13
37.81,8.89,0.70,8.89,0.70,-0.64,-0.51,-0.50,8.25,8.25,8.19
38.19,8.91,0.65,8.91,0.65,-0.59,-0.52,-0.51,8.33,8.33,8.27
38.57,8.94,0.57,8.94,0.55,-0.54,-0.53,-0.52,8.40,8.40,8.36
38.95,8.96,0.47,8.96,0.45,-0.52,-0.54,-0.53,8.44,8.44,8.49
39.34,8.98,0.34,8.98,0.39,-0.52,-0.55,-0.54,8.46,8.46,8.65
39.74,9.01,0.38,9.01,0.41,-0.54,-0.56,-0.55,8.47,8.47,8.63
40.14,9.03,0.53,9.03,0.52,-0.57,-0.57,-0.56,8.45,8.45,8.50
40.54,9.05,0.69,9.05,0.68,-0.62,-0.58,-0.57,8.43,8.43,8.36
40.94,9.07,0.80,9.07,0.80,-0.67,-0.59,-0.58,8.39,8.39,8.27
41.35,9.09,0.87,9.09,0.84,-0.73,-0.60,-0.59,8.35,8.35,8.22
41.76,9.11,0.82,9.11,0.82,-0.77,-0.61,-0.60,8.34,8.34,8.29
42.18,9.13,0.77,9.13,0.80,-0.78,-0.63,-0.62,8.35,8.35,8.35
42.60,9.14,0.75,9.14,0.78,-0.77,-0.64,-0.63,8.37,8.37,8.39
43.03,9.16,0.84,9.16,0.79,-0.79,-0.65,-0.64,8.37,8.37,8.32
43.46,9.18,0.81,9.18,0.82,-0.86,-0.66,-0.66,8.32,8.32,8.37
43.90,9.19,0.82,9.20,0.82,-0.96,-0.67,-0.67,8.23,8.23,8.38
44.33,9.21,0.89,9.21,0.80,-1.08,-0.68,-0.69,8.13,8.13,8.32
44.78,9.23,0.86,9.23,1.01,-1.19,-0.69,-0.70,8.04,8.04,8.37
45.23,9.24,1.19,9.24,1.37,-1.26,-0.71,-0.72,7.98,7.98,8.05
45.68,9.26,1.91,9.26,1.68,-1.32,-0.72,-0.74,7.94,7.94,7.34
46.13,9.27,1.89,9.27,1.71,-1.35,-0.73,-0.76,7.92,7.92,7.38
46.60,9.28,1.45,9.28,1.49,-1.34,-0.74,-0.77,7.94,7.94,7.83
47.06,9.29,0.90,9.30,1.16,-1.31,-0.76,-0.79,7.99,7.99,8.39
47.53,9.31,1.05,9.31,0.99,-1.24,-0.77,-0.81,8.07,8.07,8.26
48.01,9.32,1.07,9.32,0.98,-1.14,-0.78,-0.83,8.18,8.18,8.25
48.49,9.33,1.01,9.33,1.02,-1.03,-0.80,-0.85,8.30,8.30,8.32
48.97,9.34,0.95,9.34,0.97,-0.95,-0.81,-0.87,8.39,8.39,8.39
49.46,9.35,0.94,9.35,0.94,-0.92,-0.82,-0.89,8.43,8.43,8.41
49.96,9.36,0.95,9.36,0.95,-0.93,-0.84,-0.91,8.42,8.42,8.41
50.46,9.37,0.96,9.37,0.96,-0.96,-0.85,-0.93,8.41,8.41,8.41
50.96,9.38,0.97,9.38,0.97,-0.98,-0.87,-0.95,8.40,8.40,8.41
51.47,9.38,0.98,9.38,0.98,-0.98,-0.88,-0.97,8.41,8.41,8.41
51.99,9.39,0.98,9.39,0.99,-0.97,-0.89,-1.00,8.42,8.42,8.41
52.51,9.40,0.99,9.40,0.98,-0.95,-0.91,-1.02,8.45,8.45,8.41
53.03,9.40,0.96,9.40,0.96,-0.93,-0.92,-1.04,8.48,8.48,8.44
53.56,9.41,0.90,9.41,0.93,-0.89,-0.94,-1.06,8.52,8.52,8.51
54.10,9.41,0.91,9.41,0.87,-0.86,-0.95,-1.08,8.55,8.55,8.51
54.64,9.42,0.83,9.42,0.81,-0.83,-0.97,-1.10,8.59,8.59,8.59
55.18,9.42,0.71,9.42,0.75,-0.81,-0.98,-1.12,8.62,8.62,8.71
55.74,9.43,0.72,9.43,0.73,-0.78,-1.00,-1.14,8.64,8.64,8.71
56.29,9.43,0.77,9.43,0.76,-0.77,-1.02,-1.16,8.66,8.66,8.66
56.86,9.43,0.82,9.43,0.80,-0.77,-1.03,-1.18,8.66,8.66,8.61
57.42,9.43,0.82,9.43,0.83,-0.78,-1.05,-1.20,8.65,8.65,8.61
58.00,9.43,0.83,9.43,0.82,-0.81,-1.06,-1.22,8.62,8.62,8.61
58.58,9.43,0.83,9.43,0.82,-0.84,-1.08,-1.23,8.59,8.59,8.61
59.16,9.43,0.82,9.43,0.87,-0.89,-1.10,-1.25,8.54,8.54,8.61
59.76,9.43,0.95,9.43,0.92,-0.94,-1.11,-1.27,8.49,8.49,8.48
60.35,9.43,1.02,9.43,0.98,-1.00,-1.13,-1.28,8.43,8.43,8.41
60.96,9.43,1.02,9.43,1.05,-1.06,-1.14,-1.29,8.37,8.37,8.41
61.57,9.43,1.09,9.43,1.12,-1.12,-1.16,-1.30,8.30,8.30,8.34
62.18,9.42,1.20,9.42,1.20,-1.18,-1.18,-1.31,8.24,8.24,8.22
62.80,9.42,1.31,9.42,1.27,-1.24,-1.20,-1.32,8.18,8.18,8.11
63.43,9.41,1.31,9.41,1.30,-1.28,-1.21,-1.33,8.14,8.14,8.11
64.07,9.41,1.30,9.41,1.32,-1.30,-1.23,-1.34,8.11,8.11,8.11
64.71,9.40,1.31,9.40,1.33,-1.32,-1.25,-1.34,8.08,8.08,8.10
65.35,9.40,1.37,9.40,1.33,-1.33,-1.26,-1.35,8.07,8.07,8.02
66.01,9.39,1.33,9.39,1.32,-1.33,-1.28,-1.35,8.06,8.06,8.06
66.67,9.38,1.27,9.38,1.30,-1.33,-1.30,-1.35,8.06,8.06,8.11
67.33,9.37,1.27,9.37,1.29,-1.32,-1.31,-1.36,8.05,8.05,8.11
68.01,9.37,1.32,9.37,1.31,-1.32,-1.33,-1.36,8.05,8.05,8.05
68.69,9.36,1.35,9.36,1.33,-1.31,-1.35,-1.36,8.05,8.05,8.01
69.37,9.35,1.34,9.35,1.34,-1.30,-1.37,-1.36,8.04,8.04,8.01
70.07,9.34,1.33,9.34,1.33,-1.31,-1.38,-1.36,8.03,8.03,8.01
70.77,9.33,1.32,9.33,1.32,-1.33,-1.40,-1.36,8.00,8.00,8.01
71.48,9.32,1.31,9.32,1.30,-1.35,-1.42,-1.36,7.96,7.96,8.01
72.19,9.30,1.30,9.30,1.30,-1.38,-1.43,-1.35,7.92,7.92,8.01
72.91,9.29,1.32,9.29,1.35,-1.40,-1.45,-1.35,7.89,7.89,7.97
73.64,9.28,1.40,9.28,1.42,-1.41,-1.47,-1.35,7.87,7.87,7.88
74.38,9.26,1.52,9.26,1.47,-1.40,-1.48,-1.35,7.87,7.87,7.75
75.12,9.25,1.50,9.25,1.49,-1.36,-1.50,-1.35,7.89,7.89,7.76
75.87,9.24,1.41,9.24,1.43,-1.32,-1.52,-1.35,7.92,7.92,7.82
76.63,9.22,1.33,9.22,1.31,-1.26,-1.53,-1.35,7.96,7.96,7.89
77.40,9.21,1.19,9.21,1.18,-1.21,-1.55,-1.35,7.99,7.99,8.02
78.17,9.19,1.06,9.19,1.06,-1.17,-1.57,-1.36,8.01,8.01,8.13
78.95,9.17,0.98,9.17,1.00,-1.15,-1.58,-1.36,8.03,8.03,8.20
79.74,9.16,1.01,9.16,1.03,-1.13,-1.60,-1.36,8.02,8.02,8.15
80.54,9.14,1.12,9.14,1.13,-1.14,-1.61,-1.37,8.00,8.00,8.02
81.35,9.12,1.30,9.12,1.26,-1.16,-1.63,-1.37,7.96,7.96,7.82
82.16,9.10,1.36,9.10,1.34,-1.21,-1.64,-1.38,7.89,7.89,7.74
82.98,9.08,1.37,9.08,1.37,-1.28,-1.66,-1.39,7.80,7.80,7.71
83.81,9.06,1.35,9.06,1.35,-1.37,-1.67,-1.39,7.69,7.69,7.71
84.65,9.04,1.33,9.04,1.35,-1.45,-1.69,-1.40,7.59,7.59,7.71
85.50,9.02,1.39,9.02,1.42,-1.54,-1.70,-1.41,7.48,7.48,7.62
86.35,9.00,1.53,9.00,1.56,-1.62,-1.71,-1.43,7.37,7.37,7.46
87.22,8.97,1.78,8.97,1.73,-1.71,-1.73,-1.44,7.26,7.26,7.19
88.09,8.95,1.89,8.95,1.87,-1.80,-1.74,-1.45,7.15,7.15,7.06
88.97,8.92,1.94,8.92,1.96,-1.87,-1.75,-1.47,7.05,7.05,6.99
89.86,8.90,1.98,8.90,1.99,-1.94,-1.76,-1.48,6.96,6.96,6.92
90.76,8.88,2.03,8.88,2.03,-1.99,-1.77,-1.50,6.89,6.89,6.85
91.66,8.85,2.04,8.85,2.03,-2.02,-1.78,-1.52,6.83,6.83,6.81
92.58,8.82,2.02,8.82,1.99,-2.04,-1.80,-1.54,6.78,6.78,6.81
93.51,8.80,1.93,8.80,1.95,-2.04,-1.81,-1.56,6.75,6.75,6.87
94.44,8.77,1.93,8.77,1.97,-2.04,-1.81,-1.58,6.73,6.73,6.84
95.39,8.74,2.03,8.74,2.04,-2.02,-1.82,-1.60,6.72,6.72,6.71
96.34,8.72,2.14,8.72,2.09,-2.00,-1.83,-1.63,6.71,6.71,6.57
97.30,8.69,2.11,8.69,2.07,-1.98,-1.84,-1.65,6.71,6.71,6.58
98.28,8.66,1.95,8.66,1.98,-1.95,-1.85,-1.68,6.71,6.71,6.71
99.26,8.63,1.85,8.63,1.89,-1.93,-1.86,-1.70,6.70,6.70,6.78
100.25,8.60,1.84,8.60,1.84,-1.91,-1.86,-1.73,6.70,6.70,6.76
101.25,8.57,1.85,8.57,1.81,-1.86,-1.87,-1.76,6.72,6.72,6.72
102.27,8.54,1.77,8.54,1.79,-1.79,-1.87,-1.78,6.75,6.75,6.77
103.29,8.51,1.73,8.51,1.78,-1.73,-1.88,-1.81,6.79,6.79,6.78
104.32,8.48,1.79,8.48,1.79,-1.68,-1.88,-1.84,6.80,6.80,6.69
105.37,8.45,1.81,8.45,1.75,-1.67,-1.89,-1.87,6.78,6.78,6.64
106.42,8.42,1.69,8.42,1.63,-1.68,-1.89,-1.89,6.74,6.74,6.73
107.48,8.39,1.48,8.39,1.54,-1.71,-1.89,-1.92,6.68,6.68,6.91
108.56,8.36,1.45,8.36,1.58,-1.75,-1.89,-1.95,6.61,6.61,6.91
109.64,8.32,1.80,8.32,1.73,-1.80,-1.90,-1.97,6.52,6.52,6.52
110.74,8.29,2.02,8.29,1.94,-1.86,-1.90,-2.00,6.43,6.43,6.27
111.85,8.26,2.04,8.26,2.08,-1.93,-1.90,-2.02,6.33,6.33,6.22
112.97,8.22,2.11,8.22,2.09,-2.00,-1.90,-2.04,6.22,6.22,6.11
114.10,8.19,2.08,8.19,2.08,-2.07,-1.90,-2.07,6.12,6.12,6.11
115.24,8.15,2.06,8.15,2.08,-2.11,-1.89,-2.08,6.04,6.04,6.10
116.39,8.12,2.08,8.12,2.09,-2.13,-1.89,-2.10,5.99,5.99,6.04
117.55,8.08,2.13,8.08,2.11,-2.12,-1.89,-2.12,5.96,5.96,5.95
118.73,8.04,2.14,8.04,2.12,-2.11,-1.88,-2.13,5.93,5.93,5.91
119.92,8.01,2.10,8.01,2.10,-2.11,-1.88,-2.14,5.90,5.90,5.91
121.12,7.97,2.06,7.97,2.06,-2.10,-1.88,-2.15,5.87,5.87,5.91
122.33,7.93,2.04,7.93,2.06,-2.09,-1.87,-2.15,5.84,5.84,5.89
123.55,7.89,2.06,7.89,2.08,-2.06,-1.86,-2.16,5.83,5.83,5.83
124.79,7.85,2.12,7.85,2.08,-2.02,-1.86,-2.16,5.83,5.83,5.73
126.03,7.81,2.05,7.81,2.04,-1.97,-1.85,-2.16,5.84,5.84,5.76
127.29,7.77,1.95,7.77,1.96,-1.92,-1.84,-2.15,5.85,5.85,5.82
128.57,7.73,1.84,7.73,1.85,-1.88,-1.84,-2.14,5.85,5.85,5.89
129.85,7.69,1.78,7.69,1.78,-1.84,-1.83,-2.13,5.85,5.85,5.91
131.15,7.65,1.75,7.65,1.76,-1.81,-1.82,-2.12,5.84,5.84,5.90
132.46,7.60,1.77,7.60,1.76,-1.80,-1.81,-2.10,5.81,5.81,5.83
133.79,7.56,1.79,7.56,1.78,-1.81,-1.80,-2.09,5.75,5.75,5.77
135.12,7.52,1.81,7.52,1.81,-1.84,-1.79,-2.07,5.68,5.68,5.70
136.48,7.47,1.84,7.47,1.88,-1.89,-1.78,-2.04,5.58,5.58,5.63
137.84,7.42,1.94,7.42,1.95,-1.94,-1.76,-2.02,5.49,5.49,5.48
139.22,7.38,2.07,7.38,2.01,-1.97,-1.75,-1.99,5.40,5.40,5.31
140.61,7.33,2.02,7.33,2.05,-1.99,-1.74,-1.97,5.34,5.34,5.31
142.02,7.29,2.03,7.29,2.05,-2.00,-1.73,-1.94,5.29,5.29,5.26
143.44,7.24,2.03,7.24,2.01,-1.98,-1.71,-1.91,5.25,5.25,5.21
144.87,7.19,1.98,7.19,1.96,-1.96,-1.70,-1.88,5.23,5.23,5.21
146.32,7.14,1.87,7.14,1.88,-1.91,-1.69,-1.85,5.23,5.23,5.27
147.78,7.09,1.78,7.09,1.81,-1.85,-1.67,-1.82,5.24,5.24,5.31
149.26,7.04,1.75,7.04,1.77,-1.79,-1.66,-1.79,5.26,5.26,5.29
150.75,6.99,1.77,6.99,1.73,-1.72,-1.64,-1.76,5.27,5.27,5.22
152.26,6.94,1.69,6.94,1.68,-1.65,-1.63,-1.73,5.29,5.29,5.25
153.78,6.89,1.59,6.89,1.61,-1.59,-1.61,-1.69,5.30,5.30,5.30
155.32,6.84,1.53,6.84,1.53,-1.53,-1.60,-1.66,5.31,5.31,5.31
156.88,6.79,1.48,6.79,1.47,-1.49,-1.58,-1.63,5.30,5.30,5.31
158.44,6.73,1.43,6.73,1.42,-1.44,-1.56,-1.60,5.29,5.29,5.31
160.03,6.68,1.37,6.68,1.39,-1.41,-1.55,-1.57,5.27,5.27,5.31
161.63,6.63,1.37,6.63,1.37,-1.39,-1.53,-1.54,5.23,5.23,5.25
163.24,6.57,1.38,6.57,1.38,-1.39,-1.52,-1.52,5.18,5.18,5.20
164.88,6.52,1.40,6.52,1.39,-1.40,-1.50,-1.49,5.12,5.12,5.11
166.53,6.46,1.41,6.46,1.40,-1.41,-1.48,-1.46,5.06,5.06,5.06
168.19,6.40,1.41,6.41,1.42,-1.41,-1.46,-1.44,4.99,4.99,5.00
169.87,6.35,1.43,6.35,1.44,-1.41,-1.45,-1.41,4.94,4.94,4.91
171.57,6.29,1.46,6.29,1.44,-1.41,-1.43,-1.39,4.88,4.88,4.83
173.29,6.23,1.42,6.23,1.42,-1.39,-1.41,-1.37,4.84,4.84,4.81
175.02,6.17,1.36,6.17,1.37,-1.36,-1.40,-1.35,4.81,4.81,4.81
176.77,6.11,1.30,6.11,1.32,-1.33,-1.38,-1.33,4.78,4.78,4.81
178.54,6.05,1.29,6.05,1.29,-1.30,-1.36,-1.31,4.74,4.74,4.76
180.32,5.99,1.28,5.99,1.25,-1.27,-1.34,-1.29,4.71,4.71,4.71
182.13,5.92,1.21,5.92,1.23,-1.25,-1.33,-1.27,4.68,4.68,4.71
183.95,5.86,1.20,5.86,1.21,-1.22,-1.31,-1.25,4.64,4.64,4.66
185.79,5.80,1.21,5.80,1.20,-1.21,-1.29,-1.24,4.59,4.59,4.58
187.65,5.73,1.21,5.73,1.22,-1.20,-1.28,-1.23,4.53,4.53,4.52
189.52,5.67,1.21,5.67,1.21,-1.19,-1.26,-1.21,4.48,4.48,4.46
191.42,5.61,1.20,5.61,1.18,-1.18,-1.25,-1.20,4.42,4.42,4.41
193.33,5.55,1.14,5.55,1.16,-1.17,-1.23,-1.19,4.37,4.37,4.41
195.27,5.49,1.14,5.49,1.15,-1.16,-1.21,-1.18,4.33,4.33,4.34
197.22,5.43,1.16,5.43,1.15,-1.15,-1.20,-1.17,4.28,4.28,4.27
199.19,5.37,1.17,5.37,1.15,-1.13,-1.19,-1.16,4.24,4.24,4.21
201.18,5.32,1.11,5.32,1.11,-1.11,-1.17,-1.15,4.21,4.21,4.21
203.19,5.27,1.07,5.27,1.08,-1.09,-1.16,-1.14,4.18,4.18,4.21
205.23,5.23,1.03,5.23,1.05,-1.07,-1.15,-1.14,4.16,4.16,4.20
207.28,5.19,1.06,5.19,1.05,-1.03,-1.13,-1.13,4.16,4.16,4.13
209.35,5.16,1.05,5.16,1.03,-1.00,-1.12,-1.12,4.16,4.16,4.11
211.44,5.13,1.01,5.13,0.99,-0.96,-1.11,-1.12,4.17,4.17,4.12
213.56,5.11,0.91,5.11,0.94,-0.93,-1.11,-1.11,4.18,4.18,4.19
215.69,5.09,0.88,5.09,0.88,-0.91,-1.10,-1.11,4.18,4.18,4.21
217.85,5.07,0.87,5.08,0.86,-0.91,-1.09,-1.10,4.16,4.17,4.21
220.03,5.06,0.86,5.07,0.87,-0.91,-1.09,-1.10,4.15,4.15,4.21
222.23,5.06,0.91,5.06,0.90,-0.93,-1.09,-1.09,4.13,4.13,4.15
224.45,5.05,0.96,5.05,0.96,-0.95,-1.09,-1.08,4.10,4.10,4.09
226.70,5.05,1.03,5.05,1.03,-0.99,-1.10,-1.08,4.05,4.06,4.02
228.96,5.04,1.10,5.04,1.08,-1.05,-1.10,-1.07,3.99,3.99,3.94
231.25,5.03,1.12,5.03,1.11,-1.11,-1.12,-1.07,3.92,3.92,3.91
233.57,5.02,1.11,5.02,1.13,-1.17,-1.13,-1.06,3.85,3.85,3.91
235.90,5.01,1.16,5.01,1.18,-1.23,-1.15,-1.05,3.78,3.78,3.84
238.26,4.99,1.26,4.99,1.27,-1.27,-1.18,-1.04,3.71,3.72,3.72
240.64,4.97,1.37,4.97,1.35,-1.31,-1.20,-1.03,3.66,3.66,3.59
243.05,4.94,1.41,4.94,1.40,-1.34,-1.23,-1.02,3.60,3.60,3.53
245.48,4.91,1.40,4.91,1.40,-1.36,-1.26,-1.01,3.54,3.54,3.51
247.93,4.87,1.36,4.87,1.36,-1.39,-1.29,-1.00,3.49,3.49,3.51
250.41,4.83,1.32,4.83,1.34,-1.39,-1.30,-0.99,3.44,3.44,3.51
252.92,4.79,1.33,4.79,1.34,-1.38,-1.31,-0.97,3.40,3.40,3.46
255.45,4.74,1.35,4.74,1.35,-1.36,-1.30,-0.96,3.38,3.38,3.39
258.00,4.69,1.38,4.69,1.36,-1.31,-1.28,-0.94,3.38,3.38,3.31
260.58,4.64,1.33,4.64,1.32,-1.26,-1.23,-0.92,3.38,3.38,3.31
263.19,4.58,1.24,4.58,1.24,-1.20,-1.18,-0.91,3.38,3.38,3.34
265.82,4.52,1.12,4.52,1.14,-1.13,-1.12,-0.89,3.39,3.39,3.40
268.48,4.46,1.05,4.46,1.04,-1.07,-1.06,-0.87,3.39,3.39,3.41
271.16,4.40,0.96,4.40,0.94,-1.00,-0.99,-0.85,3.40,3.40,3.44
273.87,4.34,0.83,4.34,0.87,-0.93,-0.93,-0.82,3.41,3.41,3.50
276.61,4.27,0.83,4.27,0.84,-0.87,-0.87,-0.80,3.40,3.40,3.44
279.38,4.21,0.84,4.21,0.83,-0.82,-0.81,-0.78,3.39,3.39,3.37
282.17,4.15,0.84,4.15,0.82,-0.77,-0.76,-0.76,3.37,3.37,3.31
284.99,4.08,0.77,4.08,0.78,-0.73,-0.72,-0.73,3.35,3.35,3.31
287.84,4.02,0.71,4.02,0.71,-0.70,-0.68,-0.71,3.32,3.32,3.31
290.72,3.95,0.64,3.95,0.64,-0.66,-0.64,-0.68,3.29,3.29,3.31
293.63,3.89,0.58,3.89,0.60,-0.62,-0.60,-0.66,3.26,3.27,3.31
296.57,3.82,0.58,3.82,0.56,-0.58,-0.57,-0.63,3.24,3.24,3.24
299.53,3.76,0.55,3.76,0.53,-0.54,-0.53,-0.61,3.22,3.22,3.21
302.53,3.69,0.49,3.69,0.51,-0.51,-0.50,-0.58,3.19,3.19,3.21
305.55,3.63,0.49,3.63,0.47,-0.47,-0.48,-0.56,3.16,3.16,3.14
308.61,3.57,0.46,3.57,0.44,-0.44,-0.45,-0.53,3.12,3.12,3.11
311.69,3.50,0.39,3.50,0.42,-0.41,-0.42,-0.50,3.09,3.09,3.11
314.81,3.44,0.40,3.44,0.39,-0.37,-0.40,-0.48,3.06,3.06,3.04
317.96,3.38,0.37,3.38,0.35,-0.34,-0.38,-0.45,3.04,3.04,3.01
321.14,3.31,0.30,3.31,0.31,-0.30,-0.35,-0.43,3.01,3.01,3.01
324.35,3.25,0.24,3.25,0.26,-0.27,-0.33,-0.40,2.98,2.98,3.01
327.59,3.19,0.23,3.19,0.22,-0.25,-0.31,-0.38,2.94,2.94,2.96
330.87,3.13,0.22,3.13,0.19,-0.23,-0.29,-0.35,2.90,2.90,2.91
334.18,3.06,0.16,3.06,0.20,-0.21,-0.27,-0.33,2.85,2.85,2.91
337.52,3.00,0.20,3.00,0.19,-0.20,-0.25,-0.30,2.80,2.80,2.81
340.90,2.94,0.23,2.94,0.19,-0.18,-0.23,-0.27,2.76,2.76,2.71
344.30,2.88,0.17,2.88,0.20,-0.17,-0.21,-0.25,2.71,2.71,2.71
347.75,2.82,0.17,2.82,0.17,-0.14,-0.19,-0.23,2.68,2.68,2.65
351.23,2.76,0.15,2.76,0.13,-0.11,-0.17,-0.20,2.65,2.65,2.61
354.74,2.70,0.09,2.70,0.09,-0.07,-0.15,-0.18,2.63,2.63,2.61
358.28,2.64,0.03,2.64,0.03,-0.03,-0.14,-0.15,2.61,2.61,2.61
361.87,2.58,-0.03,2.58,-0.03,0.00,-0.12,-0.13,2.58,2.58,2.61
365.49,2.52,-0.08,2.52,-0.07,0.03,-0.10,-0.10,2.55,2.55,2.60
369.14,2.46,-0.08,2.46,-0.08,0.04,-0.08,-0.08,2.50,2.50,2.54
372.83,2.40,-0.07,2.40,-0.07,0.03,-0.06,-0.06,2.44,2.44,2.47
376.56,2.34,-0.05,2.34,-0.03,0.02,-0.05,-0.03,2.36,2.36,2.39
380.33,2.29,0.02,2.29,0.01,0.00,-0.03,-0.01,2.29,2.29,2.26
384.13,2.23,0.06,2.23,0.06,-0.02,-0.01,0.02,2.21,2.21,2.16
387.97,2.17,0.08,2.17,0.08,-0.04,0.01,0.04,2.13,2.13,2.09
391.85,2.11,0.09,2.11,0.07,-0.05,0.03,0.06,2.06,2.06,2.03
395.77,2.06,0.05,2.06,0.06,-0.06,0.04,0.09,2.00,2.00,2.01
399.73,2.00,0.02,2.00,0.04,-0.05,0.06,0.11,1.95,1.95,1.98
403.72,1.94,0.03,1.94,0.01,-0.04,0.08,0.13,1.91,1.91,1.91
407.76,1.89,-0.02,1.89,-0.01,-0.00,0.10,0.15,1.89,1.89,1.91
411.84,1.83,-0.04,1.83,-0.02,0.04,0.12,0.18,1.87,1.87,1.88
415.96,1.78,-0.03,1.78,-0.05,0.09,0.14,0.20,1.87,1.87,1.81
420.12,1.72,-0.08,1.72,-0.10,0.14,0.15,0.22,1.87,1.87,1.81
424.32,1.67,-0.18,1.67,-0.18,0.20,0.17,0.24,1.87,1.87,1.85
428.56,1.61,-0.29,1.61,-0.27,0.25,0.19,0.27,1.87,1.87,1.91
432.85,1.56,-0.35,1.56,-0.33,0.30,0.21,0.29,1.86,1.86,1.91
437.18,1.51,-0.36,1.51,-0.37,0.33,0.23,0.31,1.84,1.84,1.86
441.55,1.45,-0.35,1.45,-0.38,0.35,0.25,0.33,1.81,1.81,1.81
445.96,1.40,-0.41,1.40,-0.37,0.36,0.27,0.35,1.76,1.76,1.81
450.42,1.35,-0.36,1.35,-0.35,0.35,0.29,0.37,1.69,1.69,1.71
454.93,1.29,-0.30,1.29,-0.32,0.32,0.31,0.39,1.62,1.62,1.59
459.48,1.24,-0.27,1.24,-0.28,0.30,0.33,0.41,1.54,1.54,1.52
464.07,1.19,-0.26,1.19,-0.25,0.27,0.35,0.43,1.46,1.46,1.45
468.71,1.14,-0.24,1.14,-0.24,0.25,0.38,0.45,1.39,1.39,1.38
473.40,1.09,-0.23,1.09,-0.22,0.23,0.40,0.46,1.32,1.32,1.32
478.13,1.04,-0.21,1.04,-0.22,0.23,0.42,0.48,1.26,1.26,1.25
482.91,0.99,-0.22,0.99,-0.23,0.23,0.44,0.50,1.22,1.22,1.21
487.74,0.94,-0.27,0.94,-0.24,0.24,0.46,0.52,1.18,1.18,1.21
492.62,0.89,-0.25,0.89,-0.26,0.26,0.49,0.53,1.15,1.15,1.14
497.55,0.84,-0.27,0.84,-0.28,0.29,0.51,0.55,1.13,1.13,1.11
502.52,0.79,-0.32,0.79,-0.31,0.33,0.53,0.56,1.12,1.12,1.11
507.55,0.74,-0.37,0.74,-0.36,0.36,0.56,0.58,1.11,1.11,1.11
512.62,0.69,-0.41,0.69,-0.41,0.41,0.58,0.59,1.10,1.10,1.11
517.75,0.64,-0.46,0.64,-0.46,0.45,0.61,0.61,1.09,1.09,1.11
522.93,0.60,-0.51,0.60,-0.51,0.50,0.63,0.62,1.09,1.10,1.11
528.16,0.55,-0.56,0.55,-0.56,0.55,0.66,0.63,1.10,1.10,1.11
533.44,0.50,-0.60,0.50,-0.60,0.61,0.68,0.64,1.12,1.12,1.11
538.77,0.46,-0.65,0.46,-0.64,0.67,0.71,0.66,1.13,1.13,1.11
544.16,0.41,-0.69,0.41,-0.71,0.73,0.74,0.67,1.15,1.15,1.11
549.60,0.37,-0.77,0.37,-0.78,0.79,0.76,0.68,1.16,1.16,1.14
555.10,0.33,-0.88,0.33,-0.86,0.85,0.79,0.69,1.17,1.17,1.21
560.65,0.28,-0.93,0.28,-0.93,0.89,0.82,0.71,1.18,1.18,1.21
566.25,0.24,-0.97,0.24,-0.97,0.94,0.84,0.72,1.18,1.18,1.21
571.92,0.20,-1.01,0.20,-0.98,0.97,0.87,0.73,1.17,1.17,1.21
577.64,0.16,-0.98,0.16,-0.99,1.00,0.90,0.74,1.16,1.16,1.14
583.41,0.12,-0.99,0.12,-1.01,1.03,0.92,0.75,1.14,1.14,1.11
589.25,0.08,-1.03,0.08,-1.03,1.05,0.95,0.77,1.13,1.13,1.11
595.14,0.04,-1.07,0.04,-1.04,1.06,0.98,0.78,1.10,1.10,1.11
601.09,-0.00,-1.06,-0.00,-1.07,1.07,1.00,0.79,1.07,1.07,1.06
607.10,-0.04,-1.06,-0.04,-1.11,1.09,1.03,0.81,1.05,1.05,1.02
613.17,-0.08,-1.17,-0.08,-1.13,1.10,1.05,0.82,1.03,1.03,1.10
619.30,-0.11,-1.16,-0.11,-1.14,1.12,1.08,0.84,1.01,1.01,1.05
625.50,-0.15,-1.13,-0.15,-1.13,1.14,1.10,0.85,0.99,0.99,0.98
631.75,-0.18,-1.09,-0.18,-1.11,1.16,1.12,0.87,0.97,0.97,0.91
638.07,-0.22,-1.12,-0.22,-1.14,1.18,1.15,0.89,0.96,0.96,0.91
644.45,-0.25,-1.19,-0.25,-1.19,1.20,1.17,0.90,0.95,0.95,0.93
650.89,-0.28,-1.29,-0.28,-1.24,1.23,1.18,0.92,0.94,0.94,1.01
657.40,-0.31,-1.25,-0.31,-1.26,1.25,1.20,0.94,0.94,0.94,0.94
663.98,-0.34,-1.25,-0.34,-1.27,1.27,1.22,0.96,0.92,0.92,0.91
670.62,-0.37,-1.28,-0.37,-1.28,1.28,1.23,0.98,0.90,0.90,0.91
677.32,-0.40,-1.31,-0.40,-1.33,1.28,1.25,1.00,0.88,0.88,0.91
684.10,-0.43,-1.34,-0.43,-1.32,1.27,1.26,1.03,0.84,0.84,0.91
690.94,-0.46,-1.33,-0.46,-1.27,1.26,1.27,1.05,0.81,0.81,0.88
697.85,-0.48,-1.15,-0.48,-1.22,1.25,1.28,1.07,0.77,0.77,0.67
704.83,-0.50,-1.16,-0.50,-1.19,1.25,1.29,1.10,0.74,0.74,0.66
711.87,-0.53,-1.23,-0.53,-1.20,1.25,1.30,1.13,0.72,0.72,0.71
718.99,-0.55,-1.25,-0.55,-1.25,1.25,1.30,1.15,0.71,0.71,0.71
726.18,-0.57,-1.27,-0.57,-1.28,1.27,1.31,1.18,0.70,0.70,0.71
733.44,-0.58,-1.29,-0.58,-1.29,1.28,1.31,1.21,0.70,0.70,0.71
740.78,-0.60,-1.31,-0.60,-1.31,1.30,1.31,1.24,0.70,0.70,0.71
748.19,-0.61,-1.32,-0.61,-1.33,1.30,1.32,1.27,0.69,0.69,0.71
755.67,-0.63,-1.33,-0.63,-1.34,1.30,1.32,1.30,0.67,0.67,0.71
763.23,-0.64,-1.34,-0.64,-1.32,1.28,1.32,1.33,0.65,0.65,0.71
770.86,-0.64,-1.28,-0.65,-1.28,1.27,1.32,1.37,0.62,0.62,0.64
778.57,-0.65,-1.22,-0.65,-1.22,1.25,1.32,1.40,0.60,0.60,0.57
786.35,-0.66,-1.16,-0.66,-1.18,1.23,1.32,1.43,0.58,0.58,0.51
794.22,-0.66,-1.17,-0.66,-1.18,1.22,1.32,1.47,0.56,0.56,0.51
802.16,-0.66,-1.21,-0.66,-1.21,1.21,1.33,1.50,0.55,0.55,0.55
810.18,-0.66,-1.27,-0.66,-1.25,1.21,1.33,1.54,0.56,0.56,0.61
818.28,-0.65,-1.26,-0.65,-1.26,1.24,1.33,1.57,0.58,0.58,0.61
826.46,-0.65,-1.26,-0.65,-1.24,1.26,1.33,1.61,0.62,0.62,0.61
834.73,-0.64,-1.25,-0.64,-1.25,1.29,1.33,1.64,0.66,0.66,0.61
843.08,-0.63,-1.23,-0.63,-1.31,1.32,1.33,1.68,0.69,0.69,0.61
851.51,-0.61,-1.41,-0.61,-1.37,1.34,1.33,1.71,0.73,0.73,0.80
860.02,-0.60,-1.47,-0.60,-1.41,1.36,1.33,1.74,0.77,0.77,0.88
868.62,-0.58,-1.39,-0.58,-1.42,1.39,1.33,1.78,0.81,0.81,0.81
877.31,-0.56,-1.36,-0.56,-1.38,1.41,1.33,1.81,0.85,0.85,0.81
886.08,-0.53,-1.37,-0.53,-1.38,1.43,1.34,1.84,0.90,0.90,0.84
894.94,-0.50,-1.42,-0.50,-1.42,1.43,1.34,1.86,0.93,0.93,0.91
903.89,-0.47,-1.46,-0.47,-1.44,1.42,1.34,1.89,0.95,0.95,0.98
912.93,-0.44,-1.45,-0.44,-1.44,1.40,1.34,1.91,0.97,0.97,1.01
922.06,-0.40,-1.41,-0.40,-1.42,1.38,1.34,1.93,0.98,0.98,1.01
931.28,-0.36,-1.37,-0.36,-1.37,1.35,1.35,1.95,0.99,0.99,1.01
940.59,-0.32,-1.33,-0.32,-1.33,1.32,1.35,1.97,1.00,1.00,1.01
950.00,-0.28,-1.28,-0.28,-1.28,1.29,1.35,1.98,1.02,1.02,1.01
959.50,-0.23,-1.24,-0.23,-1.23,1.26,1.36,1.99,1.03,1.03,1.01
969.09,-0.18,-1.18,-0.18,-1.20,1.24,1.36,2.00,1.06,1.06,1.01
978.78,-0.12,-1.18,-0.12,-1.21,1.23,1.36,2.00,1.10,1.10,1.06
988.57,-0.07,-1.26,-0.07,-1.23,1.23,1.36,2.01,1.17,1.17,1.19
998.46,-0.01,-1.28,-0.01,-1.26,1.26,1.37,2.00,1.25,1.25,1.27
1008.44,0.05,-1.29,0.05,-1.29,1.30,1.37,2.00,1.35,1.35,1.34
1018.53,0.11,-1.29,0.11,-1.31,1.34,1.37,1.98,1.45,1.45,1.40
1028.71,0.18,-1.37,0.18,-1.37,1.38,1.38,1.97,1.56,1.56,1.55
1039.00,0.25,-1.44,0.25,-1.43,1.41,1.38,1.95,1.66,1.66,1.69
1049.39,0.31,-1.50,0.31,-1.49,1.43,1.38,1.93,1.74,1.74,1.82
1059.88,0.38,-1.50,0.38,-1.51,1.44,1.39,1.91,1.83,1.83,1.88
1070.48,0.45,-1.50,0.45,-1.49,1.46,1.39,1.88,1.91,1.91,1.95
1081.19,0.53,-1.48,0.53,-1.46,1.48,1.39,1.85,2.01,2.01,2.01
1092.00,0.60,-1.41,0.60,-1.44,1.50,1.39,1.82,2.10,2.11,2.01
1102.92,0.68,-1.43,0.68,-1.44,1.53,1.40,1.78,2.20,2.20,2.11
1113.95,0.75,-1.49,0.75,-1.49,1.54,1.40,1.75,2.29,2.29,2.24
1125.09,0.83,-1.56,0.83,-1.58,1.56,1.40,1.71,2.39,2.39,2.38
1136.34,0.91,-1.68,0.91,-1.66,1.58,1.40,1.67,2.48,2.48,2.58
1147.70,0.98,-1.72,0.98,-1.68,1.60,1.40,1.62,2.58,2.58,2.71
1159.18,1.06,-1.64,1.06,-1.65,1.62,1.40,1.58,2.68,2.68,2.71
1170.77,1.14,-1.57,1.14,-1.60,1.63,1.40,1.53,2.77,2.77,2.71
1182.48,1.22,-1.55,1.22,-1.57,1.63,1.41,1.48,2.85,2.85,2.77
1194.30,1.30,-1.61,1.30,-1.58,1.61,1.41,1.44,2.92,2.92,2.91
1206.25,1.38,-1.60,1.38,-1.59,1.59,1.41,1.39,2.98,2.98,2.98
1218.31,1.47,-1.58,1.47,-1.59,1.57,1.41,1.34,3.04,3.04,3.05
1230.49,1.55,-1.57,1.55,-1.57,1.56,1.40,1.29,3.10,3.10,3.12
1242.80,1.63,-1.56,1.63,-1.56,1.54,1.40,1.24,3.17,3.17,3.18
1255.22,1.71,-1.54,1.71,-1.54,1.52,1.40,1.19,3.23,3.23,3.25
1267.78,1.79,-1.52,1.79,-1.50,1.50,1.40,1.14,3.29,3.29,3.31
1280.45,1.87,-1.43,1.87,-1.45,1.46,1.40,1.09,3.34,3.34,3.31
1293.26,1.95,-1.41,1.95,-1.42,1.43,1.40,1.04,3.38,3.38,3.36
1306.19,2.03,-1.40,2.03,-1.39,1.39,1.40,0.99,3.43,3.43,3.43
1319.25,2.11,-1.39,2.11,-1.36,1.36,1.39,0.94,3.48,3.48,3.50
1332.45,2.19,-1.32,2.19,-1.32,1.33,1.39,0.89,3.52,3.52,3.51
1345.77,2.26,-1.27,2.26,-1.29,1.30,1.39,0.85,3.56,3.56,3.54
1359.23,2.33,-1.27,2.33,-1.27,1.27,1.39,0.80,3.60,3.60,3.60
1372.82,2.40,-1.28,2.40,-1.27,1.23,1.38,0.75,3.63,3.63,3.68
1386.55,2.45,-1.25,2.45,-1.25,1.20,1.38,0.70,3.66,3.66,3.71
1400.41,2.51,-1.20,2.51,-1.20,1.19,1.38,0.66,3.70,3.70,3.71
1414.42,2.55,-1.16,2.55,-1.15,1.19,1.38,0.61,3.74,3.74,3.71
1428.56,2.58,-1.12,2.58,-1.13,1.21,1.38,0.57,3.79,3.79,3.71
1442.85,2.61,-1.13,2.61,-1.17,1.23,1.38,0.52,3.84,3.84,3.73
1457.28,2.62,-1.26,2.62,-1.24,1.25,1.38,0.48,3.87,3.87,3.87
1471.85,2.62,-1.34,2.62,-1.33,1.28,1.38,0.43,3.90,3.90,3.96
1486.57,2.61,-1.40,2.61,-1.40,1.31,1.39,0.39,3.91,3.91,4.01
1501.43,2.59,-1.42,2.59,-1.41,1.34,1.39,0.35,3.93,3.92,4.01
1516.45,2.56,-1.39,2.56,-1.38,1.37,1.40,0.30,3.93,3.93,3.95
1531.61,2.53,-1.36,2.53,-1.36,1.40,1.41,0.26,3.92,3.92,3.88
1546.93,2.49,-1.32,2.49,-1.37,1.43,1.43,0.22,3.92,3.92,3.81
1562.40,2.45,-1.42,2.45,-1.40,1.46,1.45,0.18,3.91,3.91,3.87
1578.02,2.42,-1.49,2.42,-1.46,1.49,1.48,0.14,3.91,3.91,3.91
1593.80,2.39,-1.51,2.39,-1.54,1.53,1.51,0.10,3.92,3.92,3.91
1609.74,2.38,-1.60,2.38,-1.61,1.58,1.55,0.06,3.95,3.95,3.98
1625.84,2.37,-1.68,2.37,-1.66,1.63,1.59,0.02,4.00,4.00,4.05
1642.10,2.38,-1.73,2.38,-1.70,1.69,1.64,-0.02,4.07,4.07,4.11
1658.52,2.40,-1.70,2.40,-1.72,1.73,1.69,-0.06,4.14,4.14,4.11
1675.10,2.44,-1.72,2.44,-1.73,1.77,1.75,-0.09,4.20,4.21,4.15
1691.85,2.49,-1.74,2.49,-1.76,1.78,1.79,-0.13,4.28,4.27,4.24
1708.77,2.56,-1.81,2.56,-1.80,1.78,1.82,-0.16,4.34,4.34,4.37
1725.86,2.63,-1.83,2.64,-1.81,1.77,1.84,-0.20,4.40,4.40,4.46
1743.12,2.72,-1.78,2.72,-1.78,1.74,1.82,-0.23,4.46,4.46,4.51
1760.55,2.82,-1.69,2.82,-1.71,1.70,1.78,-0.27,4.52,4.52,4.51
1778.15,2.93,-1.64,2.93,-1.63,1.65,1.70,-0.30,4.57,4.57,4.57
1795.94,3.04,-1.57,3.04,-1.55,1.58,1.61,-0.33,4.62,4.62,4.61
1813.90,3.16,-1.45,3.16,-1.47,1.51,1.49,-0.36,4.66,4.66,4.61
1832.03,3.28,-1.39,3.28,-1.40,1.42,1.37,-0.39,4.70,4.70,4.67
1850.36,3.41,-1.33,3.41,-1.33,1.32,1.25,-0.41,4.73,4.73,4.74
1868.86,3.54,-1.27,3.54,-1.25,1.21,1.13,-0.44,4.75,4.75,4.81
1887.55,3.68,-1.13,3.68,-1.13,1.09,1.01,-0.46,4.77,4.77,4.81
1906.42,3.82,-0.99,3.82,-1.00,0.97,0.90,-0.49,4.78,4.78,4.81
1925.49,3.96,-0.85,3.96,-0.85,0.84,0.80,-0.51,4.80,4.80,4.81
1944.74,4.11,-0.70,4.11,-0.70,0.71,0.69,-0.53,4.82,4.82,4.81
1964.19,4.25,-0.55,4.25,-0.55,0.59,0.60,-0.55,4.85,4.85,4.81
1983.83,4.41,-0.42,4.41,-0.43,0.48,0.51,-0.57,4.89,4.89,4.82
2003.67,4.56,-0.33,4.56,-0.35,0.39,0.42,-0.58,4.95,4.95,4.89
2023.71,4.72,-0.30,4.72,-0.28,0.31,0.33,-0.60,5.03,5.03,5.02
2043.94,4.88,-0.25,4.88,-0.23,0.23,0.24,-0.61,5.12,5.12,5.13
2064.38,5.05,-0.15,5.05,-0.18,0.14,0.15,-0.62,5.19,5.19,5.20
2085.03,5.22,-0.11,5.22,-0.12,0.05,0.06,-0.63,5.26,5.26,5.33
2105.88,5.39,-0.05,5.39,-0.03,-0.06,-0.03,-0.64,5.33,5.33,5.44
2126.94,5.57,0.06,5.57,0.11,-0.16,-0.12,-0.65,5.40,5.40,5.51
2148.20,5.75,0.31,5.75,0.29,-0.26,-0.22,-0.66,5.48,5.48,5.44
2169.69,5.93,0.49,5.93,0.47,-0.36,-0.32,-0.67,5.57,5.57,5.44
2191.38,6.12,0.60,6.12,0.60,-0.46,-0.42,-0.67,5.66,5.66,5.52
2213.30,6.31,0.66,6.31,0.62,-0.56,-0.53,-0.67,5.76,5.76,5.66
2235.43,6.51,0.63,6.51,0.63,-0.66,-0.64,-0.68,5.85,5.85,5.88
2257.78,6.71,0.60,6.71,0.68,-0.77,-0.76,-0.68,5.94,5.94,6.11
2280.36,6.92,0.81,6.92,0.78,-0.88,-0.88,-0.68,6.03,6.03,6.11
2303.17,7.12,0.97,7.12,0.94,-1.02,-1.01,-0.68,6.11,6.11,6.16
2326.20,7.34,1.13,7.34,1.15,-1.17,-1.15,-0.69,6.17,6.17,6.21
2349.46,7.55,1.34,7.55,1.35,-1.34,-1.29,-0.69,6.21,6.21,6.21
2372.95,7.77,1.56,7.77,1.55,-1.52,-1.44,-0.69,6.25,6.25,6.21
2396.68,7.99,1.76,7.99,1.75,-1.69,-1.61,-0.69,6.30,6.30,6.23
2420.65,8.22,1.92,8.22,1.93,-1.85,-1.77,-0.69,6.37,6.37,6.30
2444.86,8.44,2.07,8.44,2.06,-2.00,-1.95,-0.69,6.45,6.45,6.37
2469.31,8.67,2.17,8.67,2.14,-2.13,-2.13,-0.69,6.54,6.54,6.50
2494.00,8.90,2.20,8.90,2.22,-2.26,-2.31,-0.69,6.64,6.64,6.71
2518.94,9.14,2.29,9.14,2.32,-2.40,-2.49,-0.69,6.74,6.74,6.85
2544.13,9.37,2.46,9.37,2.47,-2.53,-2.66,-0.70,6.84,6.84,6.91
2569.57,9.60,2.69,9.60,2.66,-2.67,-2.83,-0.70,6.93,6.93,6.91
2595.27,9.84,2.85,9.84,2.85,-2.82,-2.98,-0.70,7.01,7.02,6.98
2621.22,10.07,3.02,10.07,3.02,-2.99,-3.13,-0.70,7.08,7.08,7.05
2647.43,10.30,3.18,10.30,3.18,-3.16,-3.26,-0.71,7.14,7.14,7.12
2673.90,10.53,3.34,10.53,3.34,-3.35,-3.39,-0.71,7.18,7.18,7.19
2700.64,10.76,3.50,10.76,3.49,-3.53,-3.51,-0.72,7.23,7.23,7.26
2727.65,10.98,3.65,10.98,3.65,-3.69,-3.63,-0.72,7.29,7.29,7.33
2754.93,11.20,3.80,11.20,3.82,-3.84,-3.75,-0.73,7.36,7.36,7.40
2782.48,11.41,4.00,11.41,4.01,-3.97,-3.86,-0.74,7.44,7.44,7.41
2810.30,11.61,4.17,11.61,4.16,-4.09,-3.98,-0.74,7.52,7.52,7.44
2838.40,11.80,4.29,11.80,4.25,-4.20,-4.09,-0.75,7.60,7.60,7.50
2866.79,11.97,4.27,11.98,4.30,-4.29,-4.20,-0.76,7.69,7.69,7.70
2895.46,12.14,4.30,12.14,4.33,-4.36,-4.30,-0.77,7.78,7.78,7.84
2924.41,12.29,4.37,12.29,4.37,-4.41,-4.39,-0.78,7.87,7.87,7.91
2953.65,12.42,4.44,12.42,4.43,-4.46,-4.46,-0.79,7.97,7.96,7.98
2983.19,12.53,4.48,12.53,4.48,-4.48,-4.52,-0.80,8.05,8.05,8.05
3013.02,12.62,4.50,12.62,4.50,-4.50,-4.55,-0.82,8.13,8.13,8.12
3043.15,12.70,4.51,12.70,4.50,-4.50,-4.56,-0.83,8.20,8.20,8.19
3073.58,12.75,4.49,12.75,4.51,-4.49,-4.55,-0.84,8.26,8.26,8.26
3104.32,12.78,4.47,12.78,4.49,-4.46,-4.52,-0.86,8.32,8.32,8.31
3135.36,12.79,4.48,12.79,4.44,-4.42,-4.46,-0.87,8.37,8.37,8.31
3166.72,12.78,4.36,12.78,4.35,-4.36,-4.38,-0.89,8.42,8.42,8.42
3198.38,12.76,4.23,12.76,4.25,-4.29,-4.28,-0.90,8.47,8.47,8.53
3230.37,12.71,4.11,12.71,4.15,-4.20,-4.15,-0.92,8.51,8.51,8.60
3262.67,12.65,4.10,12.65,4.08,-4.10,-4.01,-0.93,8.55,8.55,8.55
3295.30,12.57,4.03,12.57,4.00,-3.98,-3.86,-0.95,8.59,8.59,8.54
3328.25,12.48,3.87,12.48,3.88,-3.84,-3.69,-0.97,8.63,8.64,8.61
3361.53,12.37,3.70,12.37,3.70,-3.68,-3.50,-0.98,8.69,8.69,8.68
3395.15,12.26,3.51,12.25,3.52,-3.49,-3.32,-1.00,8.76,8.76,8.74
3429.10,12.12,3.31,12.13,3.32,-3.28,-3.12,-1.02,8.85,8.85,8.81
3463.39,11.99,3.10,11.99,3.07,-3.04,-2.92,-1.03,8.94,8.94,8.88
3498.03,11.84,2.80,11.84,2.79,-2.79,-2.71,-1.05,9.05,9.05,9.04
3533.01,11.69,2.46,11.69,2.51,-2.54,-2.51,-1.06,9.15,9.15,9.22
3568.34,11.53,2.24,11.53,2.23,-2.29,-2.30,-1.08,9.24,9.24,9.29
3604.02,11.36,2.01,11.36,1.99,-2.04,-2.08,-1.09,9.33,9.33,9.36
3640.06,11.20,1.77,11.20,1.77,-1.79,-1.87,-1.10,9.41,9.41,9.43
3676.46,11.03,1.53,11.03,1.55,-1.55,-1.66,-1.11,9.48,9.48,9.50
3713.22,10.86,1.35,10.86,1.35,-1.32,-1.44,-1.12,9.54,9.54,9.51
3750.36,10.69,1.16,10.69,1.14,-1.10,-1.22,-1.13,9.59,9.59,9.53
3787.86,10.52,0.92,10.52,0.90,-0.89,-1.00,-1.14,9.63,9.63,9.60
3825.74,10.36,0.62,10.36,0.65,-0.68,-0.77,-1.14,9.68,9.68,9.74
3864.00,10.19,0.39,10.19,0.41,-0.45,-0.54,-1.15,9.74,9.74,9.81
3902.64,10.04,0.23,10.03,0.20,-0.22,-0.30,-1.15,9.82,9.82,9.81
3941.66,9.88,-0.00,9.88,0.01,0.03,-0.06,-1.15,9.91,9.91,9.88
3981.08,9.73,-0.22,9.73,-0.22,0.28,0.19,-1.14,10.01,10.01,9.95
4020.89,9.58,-0.45,9.58,-0.49,0.54,0.44,-1.14,10.12,10.12,10.03
4061.10,9.44,-0.80,9.44,-0.79,0.80,0.71,-1.13,10.24,10.24,10.24
4101.71,9.30,-1.10,9.30,-1.07,1.07,0.97,-1.12,10.37,10.37,10.40
4142.73,9.17,-1.35,9.17,-1.34,1.33,1.24,-1.11,10.51,10.51,10.52
4184.15,9.05,-1.54,9.05,-1.59,1.59,1.50,-1.10,10.64,10.64,10.59
4226.00,8.93,-1.83,8.93,-1.83,1.82,1.76,-1.09,10.76,10.75,10.77
4268.26,8.82,-2.09,8.82,-2.04,2.02,2.00,-1.07,10.84,10.84,10.91
4310.94,8.71,-2.19,8.72,-2.23,2.18,2.21,-1.05,10.89,10.89,10.91
4354.05,8.62,-2.35,8.62,-2.36,2.30,2.40,-1.03,10.92,10.92,10.97
4397.59,8.53,-2.45,8.53,-2.42,2.40,2.53,-1.01,10.93,10.93,10.98
4441.56,8.45,-2.46,8.45,-2.44,2.46,2.63,-0.99,10.91,10.91,10.91
4485.98,8.37,-2.40,8.37,-2.43,2.49,2.66,-0.96,10.87,10.87,10.78
4530.84,8.31,-2.40,8.31,-2.44,2.49,2.65,-0.94,10.79,10.79,10.71
4576.15,8.25,-2.45,8.25,-2.46,2.45,2.58,-0.91,10.70,10.70,10.71
4621.91,8.20,-2.50,8.21,-2.44,2.38,2.48,-0.88,10.59,10.59,10.71
4668.13,8.17,-2.37,8.17,-2.35,2.29,2.33,-0.86,10.46,10.46,10.54
4714.81,8.14,-2.14,8.14,-2.20,2.17,2.17,-0.83,10.31,10.31,10.28
4761.96,8.12,-2.03,8.12,-2.04,2.05,1.99,-0.80,10.17,10.17,10.15
4809.58,8.11,-1.90,8.11,-1.88,1.92,1.80,-0.77,10.03,10.03,10.01
4857.67,8.10,-1.75,8.10,-1.73,1.78,1.62,-0.74,9.88,9.88,9.85
4906.25,8.11,-1.54,8.11,-1.55,1.62,1.43,-0.71,9.73,9.72,9.65
4955.31,8.12,-1.38,8.12,-1.39,1.44,1.25,-0.68,9.56,9.56,9.50
5004.87,8.13,-1.25,8.13,-1.28,1.25,1.08,-0.65,9.38,9.38,9.38
5054.91,8.15,-1.16,8.15,-1.19,1.06,0.91,-0.62,9.22,9.21,9.31
5105.46,8.17,-1.07,8.17,-0.99,0.88,0.75,-0.59,9.05,9.05,9.25
5156.52,8.20,-0.79,8.20,-0.71,0.70,0.59,-0.56,8.90,8.90,8.99
5208.08,8.22,-0.29,8.22,-0.41,0.52,0.43,-0.54,8.74,8.74,8.51
5260.16,8.24,-0.13,8.25,-0.16,0.32,0.28,-0.51,8.57,8.57,8.37
5312.77,8.27,-0.04,8.27,-0.04,0.10,0.12,-0.48,8.37,8.37,8.31
5365.89,8.29,-0.00,8.29,0.03,-0.13,-0.05,-0.45,8.16,8.16,8.29
5419.55,8.31,0.15,8.31,0.19,-0.36,-0.22,-0.42,7.95,7.95,8.15
5473.75,8.32,0.44,8.32,0.44,-0.56,-0.41,-0.39,7.76,7.76,7.88
5528.49,8.33,0.77,8.33,0.75,-0.74,-0.61,-0.36,7.58,7.58,7.55
5583.77,8.33,1.05,8.33,1.05,-0.92,-0.83,-0.34,7.41,7.41,7.28
5639.61,8.32,1.27,8.33,1.25,-1.10,-1.05,-0.31,7.22,7.22,7.05
5696.00,8.32,1.41,8.31,1.35,-1.30,-1.28,-0.28,7.02,7.02,6.91
5752.96,8.29,1.39,8.29,1.41,-1.48,-1.51,-0.26,6.81,6.82,6.91
5810.49,8.27,1.47,8.27,1.47,-1.62,-1.68,-0.23,6.65,6.64,6.79
5868.60,8.23,1.60,8.23,1.59,-1.71,-1.85,-0.20,6.52,6.52,6.63
5927.28,8.18,1.76,8.18,1.77,-1.74,-1.87,-0.18,6.45,6.45,6.42
5986.56,8.13,1.98,8.13,1.89,-1.71,-1.87,-0.15,6.42,6.42,6.15
6046.42,8.06,1.99,8.07,1.87,-1.64,-1.71,-0.12,6.42,6.43,6.08
6106.89,7.99,1.77,7.99,1.71,-1.52,-1.53,-0.10,6.47,6.47,6.22
6167.96,7.91,1.48,7.91,1.41,-1.35,-1.27,-0.07,6.56,6.57,6.42
6229.64,7.82,1.19,7.82,1.10,-1.11,-1.00,-0.05,6.71,6.71,6.63
6291.93,7.72,0.89,7.73,0.80,-0.82,-0.71,-0.02,6.90,6.91,6.83
6354.85,7.61,0.65,7.62,0.50,-0.49,-0.42,0.00,7.12,7.13,6.96
6418.40,7.50,0.35,7.51,0.21,-0.16,-0.15,0.03,7.34,7.35,7.15
6482.58,7.38,0.02,7.40,-0.12,0.15,0.13,0.05,7.53,7.55,7.36
6547.41,7.25,-0.31,7.29,-0.50,0.43,0.37,0.08,7.68,7.71,7.56
6612.88,7.13,-0.80,7.17,-0.89,0.66,0.62,0.10,7.79,7.83,7.93
6679.01,7.00,-1.28,7.05,-1.25,0.85,0.79,0.13,7.85,7.90,8.28
6745.80,6.87,-1.61,6.93,-1.56,0.99,0.96,0.15,7.86,7.92,8.48
6813.26,6.74,-1.95,6.80,-1.84,1.08,1.02,0.17,7.82,7.88,8.69
6881.39,6.62,-2.37,6.68,-2.10,1.11,1.06,0.20,7.72,7.78,8.98
6950.21,6.50,-2.90,6.54,-2.31,1.08,1.00,0.22,7.58,7.62,9.40
7019.71,6.39,-3.15,6.41,-2.47,1.01,0.94,0.24,7.40,7.41,9.54
7089.91,6.29,-3.35,6.26,-2.57,0.91,0.84,0.26,7.20,7.16,9.64
7160.81,6.21,-3.50,6.10,-2.65,0.79,0.73,0.28,7.00,6.89,9.71
7232.41,6.14,-3.56,5.93,-2.73,0.67,0.63,0.30,6.82,6.61,9.71
7304.74,6.09,-3.66,5.75,-2.84,0.56,0.54,0.32,6.65,6.31,9.75
7377.79,6.06,-3.75,5.56,-2.95,0.46,0.46,0.34,6.52,6.02,9.81
7451.56,6.05,-3.76,5.37,-3.08,0.37,0.39,0.36,6.42,5.74,9.81
7526.08,6.05,-3.75,5.17,-3.22,0.30,0.34,0.37,6.35,5.46,9.81
7601.34,6.07,-3.71,4.96,-3.37,0.24,0.29,0.39,6.31,5.20,9.79
7677.35,6.11,-3.61,4.75,-3.52,0.19,0.25,0.40,6.30,4.94,9.72
7754.13,6.15,-3.56,4.54,-3.68,0.15,0.21,0.41,6.31,4.69,9.71
7831.67,6.20,-3.48,4.33,-3.85,0.12,0.19,0.42,6.32,4.45,9.68
7909.98,6.25,-3.36,4.12,-4.00,0.10,0.16,0.43,6.35,4.22,9.61
7989.08,6.30,-3.37,3.91,-4.16,0.08,0.14,0.44,6.38,3.99,9.67
8068.98,6.34,-3.34,3.71,-4.30,0.06,0.13,0.44,6.40,3.77,9.68
8149.67,6.36,-3.24,3.51,-4.43,0.05,0.11,0.44,6.41,3.56,9.61
8231.16,6.37,-3.17,3.31,-4.55,0.04,0.10,0.45,6.41,3.35,9.54
8313.47,6.35,-3.04,3.12,-4.67,0.03,0.09,0.45,6.38,3.15,9.39
8396.61,6.31,-2.88,2.93,-4.76,0.02,0.08,0.44,6.33,2.95,9.19
8480.57,6.23,-2.82,2.74,-4.84,0.02,0.07,0.44,6.25,2.76,9.05
8565.38,6.12,-2.75,2.56,-4.90,0.01,0.07,0.44,6.13,2.57,8.87
8651.03,5.97,-2.70,2.37,-4.95,0.01,0.06,0.43,5.98,2.38,8.68
8737.54,5.79,-2.75,2.19,-4.98,0.01,0.05,0.42,5.80,2.20,8.54
8824.92,5.57,-2.52,2.02,-5.00,0.01,0.05,0.41,5.58,2.02,8.09
8913.17,5.30,-2.30,1.84,-5.03,0.00,0.05,0.40,5.31,1.84,7.60
9002.30,5.01,-2.24,1.67,-5.06,0.00,0.04,0.39,5.02,1.67,7.26
9092.32,4.67,-2.30,1.49,-5.09,0.00,0.04,0.38,4.67,1.50,6.97
9183.25,4.30,-2.23,1.33,-5.14,0.00,0.04,0.37,4.30,1.33,6.53
9275.08,3.89,-1.95,1.16,-5.19,0.00,0.03,0.36,3.89,1.16,5.84
9367.83,3.45,-2.03,0.99,-5.26,0.00,0.03,0.34,3.45,0.99,5.48
9461.51,2.98,-2.19,0.83,-5.32,0.00,0.03,0.33,2.98,0.83,5.17
9556.12,2.48,-2.41,0.67,-5.38,0.00,0.03,0.32,2.48,0.67,4.89
9651.68,1.96,-2.65,0.51,-5.44,0.00,0.02,0.30,1.96,0.51,4.62
9748.20,1.43,-2.87,0.35,-5.50,0.00,0.02,0.29,1.43,0.35,4.30
9845.68,0.87,-3.11,0.19,-5.56,0.00,0.02,0.28,0.87,0.20,3.98
9944.14,0.30,-3.47,0.04,-5.60,0.00,0.02,0.26,0.30,0.04,3.77
10043.58,-0.28,-3.94,-0.11,-5.63,0.00,0.02,0.25,-0.28,-0.11,3.66
10144.02,-0.87,-4.44,-0.22,-5.61,0.00,0.02,0.24,-0.87,-0.22,3.57
10245.46,-1.45,-4.89,-0.32,-5.59,0.00,0.02,0.23,-1.45,-0.32,3.44
10347.91,-2.04,-5.44,-0.43,-5.56,0.00,0.02,0.21,-2.04,-0.43,3.41
10451.39,-2.61,-6.05,-0.53,-5.52,0.00,0.02,0.20,-2.61,-0.53,3.43
10555.91,-3.18,-6.68,-0.63,-5.48,0.00,0.01,0.19,-3.18,-0.63,3.50
10661.46,-3.73,-7.49,-0.72,-5.44,0.00,0.01,0.18,-3.73,-0.72,3.75
10768.08,-4.27,-8.24,-0.82,-5.39,0.00,0.01,0.17,-4.27,-0.82,3.97
10875.76,-4.78,-8.89,-0.91,-5.33,0.00,0.01,0.16,-4.78,-0.91,4.11
10984.52,-5.27,-9.65,-1.00,-5.28,0.00,0.01,0.15,-5.27,-1.00,4.38
11094.36,-5.73,-10.39,-1.09,-5.21,0.00,0.01,0.14,-5.73,-1.09,4.66
11205.31,-6.17,-11.11,-1.18,-5.14,0.00,0.01,0.13,-6.17,-1.18,4.95
11317.36,-6.55,-11.98,-1.26,-5.07,0.00,0.01,0.12,-6.55,-1.26,5.43
11430.53,-6.91,-12.65,-1.34,-4.99,0.00,0.01,0.11,-6.91,-1.34,5.74
11544.84,-7.22,-13.17,-1.42,-4.91,0.00,0.01,0.10,-7.22,-1.42,5.95
11660.29,-7.49,-13.64,-1.50,-4.82,0.00,0.01,0.10,-7.49,-1.50,6.15
11776.89,-7.73,-13.93,-1.58,-4.73,0.00,0.01,0.09,-7.73,-1.58,6.21
11894.66,-7.87,-14.02,-1.65,-4.64,0.00,0.01,0.08,-7.87,-1.65,6.15
12013.60,-7.99,-13.93,-1.73,-4.53,0.00,0.01,0.07,-7.99,-1.73,5.94
12133.74,-8.05,-13.62,-1.80,-4.43,0.00,0.01,0.06,-8.05,-1.80,5.56
12255.08,-8.03,-13.05,-1.87,-4.32,0.00,0.01,0.06,-8.03,-1.87,5.02
12377.63,-7.95,-12.21,-1.93,-4.20,0.00,0.01,0.05,-7.95,-1.93,4.26
12501.41,-7.81,-11.51,-2.00,-4.08,0.00,0.01,0.04,-7.81,-2.00,3.70
12626.42,-7.58,-10.76,-2.06,-3.96,0.00,0.01,0.04,-7.58,-2.06,3.18
12752.68,-7.28,-9.98,-2.12,-3.83,0.00,0.01,0.03,-7.28,-2.12,2.70
12880.21,-6.90,-9.19,-2.18,-3.69,0.00,0.01,0.02,-6.90,-2.18,2.28
13009.01,-6.48,-8.04,-2.24,-3.56,0.00,0.01,0.01,-6.48,-2.24,1.55
13139.10,-6.06,-6.72,-2.29,-3.41,0.00,0.00,0.01,-6.06,-2.29,0.66
13270.49,-5.57,-5.81,-2.34,-3.26,0.00,0.00,-0.00,-5.57,-2.34,0.24
13403.20,-5.06,-4.89,-2.39,-3.11,0.00,0.00,-0.01,-5.06,-2.39,-0.17
13537.23,-4.52,-3.88,-2.44,-2.95,0.00,0.00,-0.02,-4.52,-2.44,-0.65
13672.60,-3.99,-2.65,-2.49,-2.79,0.00,0.00,-0.02,-3.99,-2.49,-1.33
13809.33,-3.45,-1.70,-2.53,-2.62,0.00,0.00,-0.03,-3.45,-2.53,-1.76
13947.42,-2.94,-0.86,-2.58,-2.45,0.00,0.00,-0.04,-2.94,-2.58,-2.08
14086.90,-2.45,-0.09,-2.62,-2.28,0.00,0.00,-0.05,-2.45,-2.62,-2.36
14227.77,-1.98,0.71,-2.66,-2.09,0.00,0.00,-0.06,-1.98,-2.66,-2.69
14370.04,-1.55,1.72,-2.69,-1.91,0.00,0.00,-0.07,-1.55,-2.69,-3.26
14513.74,-1.15,3.01,-2.73,-1.72,0.00,0.00,-0.08,-1.15,-2.73,-4.16
14658.88,-0.83,3.77,-2.76,-1.52,0.00,0.00,-0.08,-0.83,-2.76,-4.59
14805.47,-0.54,4.47,-2.79,-1.32,0.00,0.00,-0.09,-0.54,-2.79,-5.00
14953.52,-0.31,5.14,-2.82,-1.12,0.00,0.00,-0.10,-0.31,-2.82,-5.45
15103.06,-0.15,6.20,-2.85,-0.91,0.00,0.00,-0.11,-0.15,-2.85,-6.34
15254.09,-0.02,6.88,-2.87,-0.69,0.00,0.00,-0.12,-0.02,-2.87,-6.90
15406.63,0.01,7.24,-2.90,-0.48,0.00,0.00,-0.13,0.01,-2.90,-7.24
15560.70,0.00,7.51,-2.92,-0.25,0.00,0.00,-0.14,0.00,-2.92,-7.51
15716.30,-0.06,7.58,-2.93,-0.02,-0.00,0.00,-0.15,-0.06,-2.93,-7.64
15873.47,-0.17,7.49,-2.95,0.21,-0.00,0.00,-0.15,-0.17,-2.95,-7.66
16032.20,-0.31,7.21,-2.97,0.45,-0.00,0.00,-0.15,-0.31,-2.97,-7.52
16192.52,-0.48,6.79,-2.98,0.69,-0.00,0.00,-0.15,-0.48,-2.98,-7.27
16354.45,-0.66,6.31,-2.99,0.94,-0.00,0.00,-0.15,-0.66,-2.99,-6.97
16517.99,-0.84,5.78,-3.00,1.19,-0.00,0.00,-0.14,-0.84,-3.00,-6.63
16683.17,-1.02,4.45,-3.01,1.44,-0.00,0.00,-0.14,-1.02,-3.01,-5.47
16850.01,-1.19,3.14,-3.01,1.71,-0.00,0.00,-0.13,-1.19,-3.01,-4.32
17018.51,-1.34,1.95,-3.01,1.97,-0.00,0.00,-0.12,-1.34,-3.01,-3.29
17188.69,-1.47,0.79,-3.01,2.24,-0.00,0.00,-0.11,-1.47,-3.01,-2.26
17360.58,-1.60,-0.34,-3.01,2.52,-0.00,0.00,-0.09,-1.60,-3.01,-1.26
17534.18,-1.73,-1.30,-3.01,2.80,-0.00,0.00,-0.08,-1.73,-3.01,-0.43
17709.53,-1.85,-1.08,-3.01,3.08,-0.00,0.00,-0.07,-1.85,-3.01,-0.77
17886.62,-1.99,-0.56,-3.00,3.37,-0.00,0.00,-0.06,-1.99,-3.00,-1.43
18065.49,-2.13,0.16,-2.99,3.67,-0.00,0.00,-0.06,-2.13,-2.99,-2.30
18246.14,-2.27,1.05,-2.98,3.97,-0.00,0.00,-0.05,-2.27,-2.98,-3.33
18428.60,-2.40,2.47,-2.97,4.27,-0.00,0.00,-0.04,-2.40,-2.97,-4.87
18612.89,-2.52,3.76,-2.95,4.58,-0.00,0.00,-0.03,-2.52,-2.95,-6.27
18799.02,-2.60,4.29,-2.93,4.89,-0.00,0.00,-0.03,-2.60,-2.93,-6.89
18987.01,-2.66,4.79,-2.91,5.21,-0.00,0.00,-0.02,-2.66,-2.91,-7.46
19176.88,-2.69,5.37,-2.89,5.53,-0.00,0.00,-0.02,-2.69,-2.89,-8.06
19368.65,-2.70,6.05,-2.87,5.86,-0.00,0.00,-0.02,-2.70,-2.87,-8.75
19562.33,-2.71,6.05,-2.84,6.19,-0.00,0.00,-0.01,-2.71,-2.84,-8.76
19757.96,-2.71,6.02,-2.82,6.53,-0.00,0.00,-0.01,-2.71,-2.82,-8.73
19955.54,-2.71,5.99,-2.79,6.87,-0.00,0.00,-0.01,-2.71,-2.79,-8.70
