frequency,raw,error,smoothed,error_smoothed,equalization,parametric_eq,fixed_band_eq,equalized_raw,equalized_smoothed,target
20.00,6.19,-0.73,6.19,-0.73,0.74,0.77,0.45,6.93,6.93,6.92
20.20,6.19,-0.76,6.19,-0.76,0.76,0.78,0.47,6.95,6.95,6.95
20.40,6.20,-0.78,6.20,-0.78,0.77,0.79,0.48,6.97,6.97,6.98
20.61,6.20,-0.80,6.20,-0.80,0.79,0.80,0.50,6.99,6.99,7.00
20.81,6.20,-0.81,6.20,-0.81,0.81,0.81,0.51,7.01,7.01,7.01
21.02,6.21,-0.82,6.21,-0.82,0.82,0.82,0.53,7.03,7.03,7.03
21.23,6.21,-0.83,6.21,-0.83,0.84,0.82,0.54,7.05,7.05,7.04
21.44,6.21,-0.84,6.21,-0.84,0.85,0.83,0.56,7.06,7.06,7.05
21.66,6.22,-0.85,6.22,-0.85,0.86,0.84,0.57,7.08,7.08,7.07
21.87,6.22,-0.87,6.22,-0.87,0.87,0.85,0.59,7.09,7.09,7.09
22.09,6.23,-0.88,6.23,-0.88,0.88,0.86,0.61,7.11,7.11,7.11
22.31,6.23,-0.89,6.23,-0.89,0.88,0.87,0.63,7.12,7.12,7.13
22.54,6.24,-0.90,6.24,-0.90,0.89,0.88,0.65,7.12,7.12,7.13
22.76,6.24,-0.90,6.24,-0.90,0.89,0.89,0.67,7.13,7.13,7.14
22.99,6.24,-0.89,6.24,-0.89,0.89,0.90,0.69,7.13,7.13,7.14
23.22,6.25,-0.88,6.25,-0.88,0.88,0.91,0.71,7.13,7.13,7.13
23.45,6.25,-0.87,6.25,-0.87,0.88,0.91,0.73,7.13,7.13,7.12
23.69,6.25,-0.87,6.25,-0.87,0.88,0.92,0.75,7.13,7.14,7.12
23.92,6.25,-0.87,6.25,-0.88,0.89,0.93,0.77,7.14,7.14,7.13
24.16,6.25,-0.89,6.25,-0.89,0.90,0.94,0.79,7.15,7.15,7.14
24.40,6.26,-0.91,6.26,-0.91,0.91,0.95,0.81,7.17,7.17,7.16
24.65,6.26,-0.93,6.26,-0.93,0.92,0.96,0.83,7.18,7.18,7.18
24.89,6.26,-0.95,6.26,-0.95,0.93,0.97,0.86,7.19,7.19,7.20
25.14,6.26,-0.96,6.26,-0.96,0.94,0.97,0.88,7.20,7.20,7.22
25.39,6.26,-0.97,6.26,-0.96,0.95,0.98,0.90,7.21,7.21,7.22
25.65,6.25,-0.96,6.25,-0.96,0.96,0.99,0.92,7.21,7.21,7.22
25.91,6.25,-0.96,6.25,-0.96,0.96,1.00,0.95,7.22,7.22,7.21
26.16,6.25,-0.96,6.25,-0.96,0.97,1.01,0.97,7.22,7.22,7.21
26.43,6.25,-0.96,6.25,-0.96,0.97,1.01,0.99,7.23,7.23,7.21
26.69,6.25,-0.97,6.25,-0.97,0.98,1.02,1.01,7.23,7.23,7.22
26.96,6.25,-0.99,6.25,-0.99,1.00,1.03,1.04,7.24,7.24,7.24
27.23,6.24,-1.01,6.24,-1.01,1.01,1.04,1.06,7.25,7.25,7.26
27.50,6.24,-1.03,6.24,-1.03,1.02,1.04,1.08,7.26,7.26,7.27
27.77,6.24,-1.05,6.24,-1.05,1.04,1.05,1.10,7.28,7.28,7.29
28.05,6.24,-1.06,6.24,-1.06,1.05,1.06,1.12,7.29,7.29,7.30
28.33,6.24,-1.06,6.23,-1.06,1.06,1.06,1.14,7.30,7.30,7.30
28.62,6.23,-1.07,6.23,-1.07,1.07,1.07,1.15,7.31,7.31,7.30
28.90,6.23,-1.08,6.23,-1.08,1.08,1.08,1.17,7.31,7.31,7.31
29.19,6.23,-1.09,6.23,-1.09,1.09,1.08,1.18,7.32,7.32,7.31
29.48,6.22,-1.10,6.22,-1.10,1.10,1.09,1.20,7.33,7.33,7.32
29.78,6.22,-1.11,6.22,-1.11,1.11,1.09,1.21,7.33,7.33,7.33
30.08,6.22,-1.12,6.22,-1.12,1.12,1.10,1.22,7.34,7.34,7.34
30.38,6.22,-1.13,6.22,-1.13,1.13,1.11,1.23,7.35,7.35,7.35
30.68,6.21,-1.14,6.21,-1.14,1.14,1.11,1.24,7.35,7.35,7.35
30.99,6.21,-1.14,6.21,-1.14,1.14,1.12,1.24,7.35,7.35,7.36
31.30,6.21,-1.15,6.21,-1.15,1.15,1.12,1.25,7.36,7.36,7.36
31.61,6.21,-1.15,6.21,-1.15,1.15,1.12,1.25,7.36,7.36,7.36
31.93,6.20,-1.15,6.20,-1.15,1.16,1.13,1.25,7.36,7.36,7.36
32.24,6.20,-1.16,6.20,-1.16,1.16,1.13,1.25,7.36,7.36,7.36
32.57,6.20,-1.16,6.20,-1.16,1.17,1.14,1.25,7.36,7.36,7.36
32.89,6.20,-1.17,6.20,-1.17,1.17,1.14,1.25,7.36,7.36,7.37
33.22,6.19,-1.17,6.19,-1.17,1.17,1.14,1.24,7.36,7.36,7.37
33.55,6.19,-1.18,6.19,-1.18,1.17,1.15,1.24,7.36,7.36,7.37
33.89,6.19,-1.18,6.19,-1.18,1.18,1.15,1.23,7.36,7.36,7.36
34.23,6.18,-1.17,6.18,-1.17,1.17,1.15,1.22,7.36,7.36,7.36
34.57,6.18,-1.17,6.18,-1.17,1.17,1.15,1.21,7.35,7.35,7.35
34.92,6.18,-1.17,6.18,-1.17,1.17,1.16,1.20,7.34,7.34,7.35
35.27,6.17,-1.17,6.17,-1.16,1.16,1.16,1.19,7.33,7.33,7.34
35.62,6.17,-1.16,6.17,-1.16,1.16,1.16,1.18,7.32,7.32,7.33
35.97,6.16,-1.15,6.16,-1.15,1.15,1.16,1.17,7.31,7.31,7.31
36.33,6.16,-1.14,6.16,-1.14,1.14,1.16,1.15,7.30,7.30,7.30
36.70,6.15,-1.13,6.15,-1.14,1.14,1.16,1.14,7.29,7.29,7.29
37.06,6.15,-1.13,6.15,-1.13,1.13,1.16,1.13,7.28,7.28,7.28
37.43,6.14,-1.13,6.14,-1.13,1.13,1.16,1.11,7.27,7.27,7.28
37.81,6.14,-1.13,6.14,-1.13,1.13,1.16,1.10,7.26,7.26,7.27
38.19,6.13,-1.13,6.13,-1.13,1.13,1.16,1.09,7.26,7.26,7.26
38.57,6.12,-1.12,6.12,-1.12,1.13,1.16,1.07,7.25,7.25,7.25
38.95,6.12,-1.12,6.12,-1.12,1.13,1.16,1.06,7.24,7.24,7.24
39.34,6.11,-1.13,6.11,-1.13,1.13,1.16,1.05,7.24,7.24,7.23
39.74,6.10,-1.13,6.10,-1.13,1.14,1.15,1.04,7.24,7.24,7.23
40.14,6.09,-1.14,6.09,-1.14,1.14,1.15,1.03,7.23,7.23,7.23
40.54,6.08,-1.15,6.08,-1.14,1.15,1.15,1.02,7.23,7.23,7.23
40.94,6.07,-1.15,6.07,-1.15,1.15,1.15,1.01,7.22,7.22,7.22
41.35,6.07,-1.15,6.07,-1.15,1.15,1.14,1.00,7.22,7.22,7.22
41.76,6.06,-1.16,6.06,-1.16,1.15,1.14,0.99,7.21,7.21,7.21
42.18,6.05,-1.15,6.05,-1.15,1.15,1.13,0.98,7.19,7.19,7.20
42.60,6.04,-1.15,6.04,-1.15,1.14,1.13,0.97,7.18,7.18,7.18
43.03,6.03,-1.13,6.03,-1.13,1.14,1.13,0.97,7.16,7.16,7.16
43.46,6.02,-1.12,6.02,-1.12,1.13,1.12,0.96,7.14,7.14,7.14
43.90,6.01,-1.11,6.01,-1.11,1.12,1.11,0.96,7.12,7.12,7.12
44.33,6.00,-1.10,6.00,-1.10,1.11,1.11,0.95,7.11,7.10,7.10
44.78,5.99,-1.09,5.99,-1.09,1.09,1.10,0.95,7.08,7.08,7.08
45.23,5.98,-1.08,5.98,-1.08,1.08,1.10,0.94,7.06,7.06,7.06
45.68,5.97,-1.07,5.97,-1.07,1.07,1.09,0.94,7.04,7.04,7.04
46.13,5.97,-1.06,5.97,-1.06,1.06,1.08,0.94,7.02,7.02,7.03
46.60,5.96,-1.06,5.96,-1.05,1.05,1.07,0.94,7.01,7.01,7.01
47.06,5.95,-1.04,5.95,-1.04,1.05,1.07,0.94,7.00,7.00,6.99
47.53,5.94,-1.02,5.94,-1.03,1.05,1.06,0.94,6.99,6.99,6.96
48.01,5.93,-1.02,5.93,-1.02,1.04,1.05,0.94,6.97,6.97,6.95
48.49,5.92,-1.03,5.92,-1.04,1.03,1.04,0.95,6.95,6.95,6.96
48.97,5.92,-1.05,5.92,-1.05,1.01,1.03,0.95,6.93,6.93,6.97
49.46,5.91,-1.06,5.91,-1.04,1.00,1.02,0.95,6.90,6.90,6.96
49.96,5.90,-1.00,5.90,-1.00,0.98,1.01,0.95,6.88,6.88,6.90
50.46,5.89,-0.94,5.89,-0.94,0.97,1.00,0.96,6.85,6.85,6.82
50.96,5.88,-0.89,5.88,-0.91,0.95,0.99,0.96,6.83,6.83,6.77
51.47,5.87,-0.90,5.87,-0.90,0.93,0.98,0.97,6.80,6.80,6.76
51.99,5.85,-0.92,5.85,-0.91,0.91,0.97,0.97,6.77,6.77,6.78
52.51,5.84,-0.93,5.84,-0.92,0.90,0.95,0.98,6.74,6.74,6.77
53.03,5.83,-0.91,5.83,-0.91,0.89,0.94,0.98,6.72,6.72,6.74
53.56,5.82,-0.89,5.82,-0.89,0.88,0.93,0.99,6.70,6.70,6.70
54.10,5.80,-0.88,5.80,-0.88,0.88,0.92,0.99,6.68,6.68,6.68
54.64,5.79,-0.87,5.79,-0.86,0.87,0.90,0.99,6.66,6.66,6.66
55.18,5.77,-0.85,5.77,-0.85,0.86,0.89,1.00,6.63,6.63,6.63
55.74,5.75,-0.84,5.75,-0.85,0.85,0.88,1.00,6.60,6.60,6.60
56.29,5.74,-0.84,5.74,-0.84,0.84,0.86,1.00,6.58,6.58,6.58
56.86,5.72,-0.84,5.72,-0.83,0.83,0.85,1.00,6.55,6.55,6.56
57.42,5.70,-0.83,5.70,-0.83,0.83,0.83,1.00,6.53,6.53,6.53
58.00,5.68,-0.81,5.68,-0.82,0.82,0.82,1.00,6.50,6.50,6.49
58.58,5.66,-0.81,5.66,-0.81,0.81,0.80,1.00,6.47,6.47,6.47
59.16,5.64,-0.81,5.64,-0.81,0.80,0.78,1.00,6.45,6.45,6.45
59.76,5.62,-0.81,5.62,-0.81,0.80,0.77,0.99,6.42,6.42,6.44
60.35,5.60,-0.79,5.60,-0.79,0.79,0.75,0.99,6.39,6.38,6.39
60.96,5.58,-0.76,5.58,-0.77,0.77,0.73,0.98,6.35,6.35,6.34
61.57,5.56,-0.75,5.56,-0.75,0.76,0.72,0.97,6.32,6.32,6.30
62.18,5.54,-0.75,5.54,-0.74,0.75,0.70,0.96,6.28,6.28,6.29
62.80,5.52,-0.74,5.52,-0.74,0.73,0.68,0.95,6.25,6.25,6.25
63.43,5.50,-0.72,5.50,-0.73,0.72,0.66,0.94,6.22,6.22,6.22
64.07,5.47,-0.71,5.47,-0.71,0.71,0.65,0.92,6.18,6.18,6.18
64.71,5.45,-0.68,5.45,-0.69,0.70,0.63,0.90,6.15,6.15,6.14
65.35,5.43,-0.67,5.43,-0.68,0.69,0.61,0.89,6.12,6.12,6.10
66.01,5.41,-0.67,5.41,-0.68,0.67,0.59,0.87,6.09,6.09,6.08
66.67,5.39,-0.69,5.39,-0.67,0.66,0.57,0.84,6.05,6.05,6.08
67.33,5.37,-0.67,5.37,-0.66,0.64,0.55,0.82,6.01,6.01,6.05
68.01,5.36,-0.61,5.36,-0.62,0.62,0.53,0.80,5.97,5.97,5.97
68.69,5.34,-0.58,5.34,-0.59,0.59,0.51,0.77,5.93,5.93,5.92
69.37,5.32,-0.56,5.32,-0.56,0.57,0.49,0.75,5.89,5.89,5.88
70.07,5.30,-0.54,5.30,-0.54,0.54,0.46,0.72,5.84,5.84,5.84
70.77,5.28,-0.51,5.28,-0.51,0.51,0.44,0.69,5.79,5.79,5.79
71.48,5.26,-0.48,5.26,-0.49,0.48,0.42,0.66,5.75,5.75,5.75
72.19,5.25,-0.46,5.25,-0.46,0.46,0.40,0.63,5.70,5.70,5.71
72.91,5.23,-0.43,5.23,-0.43,0.43,0.38,0.60,5.66,5.66,5.66
73.64,5.21,-0.40,5.21,-0.40,0.40,0.35,0.57,5.62,5.62,5.61
74.38,5.19,-0.38,5.19,-0.38,0.38,0.33,0.53,5.57,5.57,5.57
75.12,5.18,-0.35,5.18,-0.35,0.35,0.31,0.50,5.53,5.53,5.53
75.87,5.16,-0.32,5.16,-0.32,0.32,0.29,0.47,5.48,5.48,5.48
76.63,5.15,-0.29,5.15,-0.29,0.28,0.26,0.43,5.43,5.43,5.43
77.40,5.13,-0.25,5.13,-0.25,0.25,0.24,0.40,5.39,5.39,5.39
78.17,5.12,-0.22,5.12,-0.22,0.22,0.21,0.37,5.34,5.34,5.34
78.95,5.11,-0.19,5.11,-0.19,0.19,0.19,0.33,5.29,5.29,5.29
79.74,5.09,-0.15,5.09,-0.15,0.15,0.17,0.30,5.25,5.25,5.24
80.54,5.08,-0.11,5.08,-0.11,0.12,0.14,0.26,5.20,5.20,5.19
81.35,5.07,-0.08,5.07,-0.08,0.09,0.12,0.23,5.15,5.15,5.14
82.16,5.05,-0.06,5.05,-0.05,0.05,0.09,0.19,5.10,5.10,5.11
82.98,5.04,-0.02,5.04,-0.02,0.02,0.06,0.16,5.06,5.06,5.06
83.81,5.03,0.02,5.03,0.01,-0.02,0.04,0.12,5.01,5.01,5.01
84.65,5.01,0.05,5.01,0.05,-0.06,0.01,0.09,4.95,4.95,4.96
85.50,4.99,0.09,4.99,0.09,-0.09,-0.01,0.05,4.90,4.90,4.90
86.35,4.98,0.13,4.98,0.13,-0.13,-0.04,0.02,4.84,4.84,4.85
87.22,4.96,0.18,4.96,0.17,-0.17,-0.07,-0.02,4.79,4.79,4.78
88.09,4.94,0.21,4.93,0.21,-0.21,-0.09,-0.06,4.73,4.73,4.72
88.97,4.91,0.24,4.91,0.25,-0.24,-0.12,-0.09,4.67,4.67,4.67
89.86,4.89,0.28,4.89,0.28,-0.27,-0.15,-0.13,4.61,4.61,4.61
90.76,4.86,0.31,4.86,0.31,-0.31,-0.17,-0.16,4.55,4.55,4.55
91.66,4.83,0.33,4.83,0.33,-0.33,-0.20,-0.20,4.49,4.49,4.49
92.58,4.79,0.36,4.79,0.36,-0.36,-0.23,-0.23,4.44,4.44,4.43
93.51,4.76,0.38,4.76,0.38,-0.38,-0.26,-0.27,4.38,4.38,4.38
94.44,4.72,0.40,4.72,0.40,-0.40,-0.29,-0.31,4.32,4.32,4.32
95.39,4.68,0.42,4.68,0.42,-0.42,-0.32,-0.34,4.26,4.26,4.26
96.34,4.64,0.44,4.64,0.44,-0.44,-0.34,-0.38,4.20,4.20,4.20
97.30,4.60,0.46,4.60,0.46,-0.46,-0.37,-0.41,4.14,4.14,4.14
98.28,4.56,0.48,4.56,0.48,-0.48,-0.40,-0.45,4.08,4.08,4.08
99.26,4.51,0.49,4.51,0.49,-0.49,-0.43,-0.48,4.02,4.02,4.02
100.25,4.47,0.50,4.47,0.51,-0.51,-0.46,-0.52,3.96,3.96,3.97
101.25,4.43,0.53,4.43,0.52,-0.53,-0.49,-0.56,3.90,3.90,3.90
102.27,4.38,0.54,4.38,0.54,-0.55,-0.52,-0.59,3.84,3.84,3.84
103.29,4.34,0.56,4.34,0.56,-0.56,-0.55,-0.63,3.77,3.77,3.77
104.32,4.29,0.58,4.29,0.59,-0.58,-0.58,-0.66,3.71,3.71,3.71
105.37,4.25,0.61,4.25,0.61,-0.60,-0.61,-0.69,3.64,3.64,3.63
106.42,4.20,0.63,4.20,0.62,-0.62,-0.64,-0.73,3.58,3.58,3.57
107.48,4.16,0.63,4.16,0.64,-0.64,-0.67,-0.76,3.52,3.52,3.53
108.56,4.11,0.65,4.11,0.66,-0.66,-0.70,-0.79,3.45,3.45,3.46
109.64,4.07,0.68,4.07,0.68,-0.68,-0.73,-0.83,3.39,3.39,3.39
110.74,4.03,0.71,4.03,0.70,-0.69,-0.76,-0.86,3.33,3.33,3.32
111.85,3.98,0.71,3.98,0.72,-0.71,-0.79,-0.89,3.27,3.27,3.27
112.97,3.94,0.73,3.94,0.73,-0.73,-0.82,-0.92,3.21,3.21,3.21
114.10,3.90,0.75,3.90,0.74,-0.75,-0.85,-0.94,3.15,3.15,3.16
115.24,3.86,0.76,3.86,0.77,-0.78,-0.88,-0.97,3.09,3.09,3.10
116.39,3.82,0.81,3.82,0.80,-0.80,-0.91,-1.00,3.02,3.02,3.01
117.55,3.79,0.84,3.79,0.83,-0.83,-0.94,-1.02,2.95,2.95,2.94
118.73,3.75,0.86,3.75,0.86,-0.87,-0.97,-1.05,2.88,2.88,2.89
119.92,3.72,0.88,3.72,0.89,-0.91,-1.00,-1.07,2.81,2.81,2.83
121.12,3.68,0.93,3.68,0.93,-0.95,-1.03,-1.09,2.74,2.74,2.75
122.33,3.65,1.00,3.65,0.99,-0.98,-1.06,-1.11,2.67,2.67,2.65
123.55,3.62,1.03,3.62,1.04,-1.02,-1.09,-1.12,2.60,2.60,2.59
124.79,3.59,1.09,3.59,1.07,-1.05,-1.12,-1.14,2.54,2.54,2.50
126.03,3.56,1.09,3.56,1.10,-1.09,-1.15,-1.15,2.47,2.47,2.47
127.29,3.53,1.11,3.53,1.12,-1.13,-1.18,-1.17,2.40,2.40,2.42
128.57,3.50,1.14,3.50,1.14,-1.17,-1.21,-1.18,2.34,2.34,2.36
129.85,3.48,1.18,3.48,1.18,-1.20,-1.24,-1.19,2.27,2.27,2.30
131.15,3.45,1.22,3.45,1.23,-1.24,-1.27,-1.20,2.21,2.21,2.23
132.46,3.42,1.28,3.42,1.28,-1.27,-1.30,-1.20,2.15,2.15,2.14
133.79,3.40,1.35,3.40,1.33,-1.31,-1.32,-1.21,2.09,2.09,2.05
135.12,3.37,1.36,3.37,1.36,-1.34,-1.35,-1.21,2.02,2.02,2.00
136.48,3.34,1.38,3.34,1.39,-1.38,-1.38,-1.22,1.96,1.96,1.96
137.84,3.31,1.40,3.31,1.40,-1.42,-1.41,-1.22,1.90,1.90,1.91
139.22,3.28,1.42,3.28,1.43,-1.45,-1.44,-1.22,1.84,1.84,1.86
140.61,3.25,1.46,3.25,1.46,-1.47,-1.46,-1.22,1.78,1.78,1.80
142.02,3.22,1.50,3.22,1.50,-1.50,-1.49,-1.22,1.72,1.72,1.72
143.44,3.19,1.54,3.19,1.54,-1.52,-1.52,-1.23,1.67,1.67,1.65
144.87,3.16,1.56,3.16,1.56,-1.55,-1.54,-1.23,1.61,1.61,1.60
146.32,3.13,1.57,3.13,1.58,-1.58,-1.57,-1.23,1.55,1.55,1.55
147.78,3.09,1.59,3.09,1.60,-1.60,-1.59,-1.23,1.49,1.49,1.51
149.26,3.06,1.62,3.06,1.62,-1.62,-1.62,-1.23,1.44,1.44,1.44
150.75,3.03,1.65,3.03,1.64,-1.64,-1.64,-1.23,1.39,1.39,1.38
152.26,2.99,1.66,2.99,1.66,-1.65,-1.66,-1.23,1.34,1.34,1.33
153.78,2.95,1.66,2.95,1.66,-1.66,-1.69,-1.23,1.29,1.29,1.29
155.32,2.92,1.67,2.92,1.67,-1.67,-1.71,-1.23,1.25,1.25,1.25
156.88,2.88,1.67,2.88,1.68,-1.68,-1.73,-1.23,1.20,1.20,1.21
158.44,2.84,1.70,2.84,1.70,-1.68,-1.75,-1.24,1.16,1.16,1.14
160.03,2.80,1.74,2.80,1.71,-1.69,-1.77,-1.24,1.11,1.11,1.07
161.63,2.76,1.70,2.76,1.70,-1.71,-1.79,-1.24,1.05,1.05,1.07
163.24,2.73,1.69,2.73,1.70,-1.74,-1.81,-1.25,0.98,0.98,1.04
164.88,2.69,1.72,2.69,1.73,-1.78,-1.83,-1.25,0.91,0.91,0.97
166.53,2.65,1.79,2.65,1.79,-1.81,-1.84,-1.26,0.83,0.83,0.85
168.19,2.61,1.87,2.61,1.86,-1.85,-1.86,-1.27,0.76,0.76,0.74
169.87,2.57,1.93,2.57,1.92,-1.88,-1.88,-1.28,0.68,0.68,0.64
171.57,2.53,1.96,2.53,1.96,-1.92,-1.89,-1.29,0.61,0.61,0.56
173.29,2.49,1.98,2.49,1.98,-1.95,-1.90,-1.30,0.54,0.54,0.51
175.02,2.44,1.98,2.44,1.98,-1.97,-1.92,-1.31,0.47,0.47,0.46
176.77,2.40,1.96,2.40,1.97,-1.99,-1.93,-1.32,0.41,0.41,0.44
178.54,2.36,1.96,2.36,1.97,-2.00,-1.94,-1.34,0.36,0.36,0.40
180.32,2.32,1.98,2.32,1.99,-2.00,-1.95,-1.35,0.32,0.32,0.34
182.13,2.28,2.02,2.28,2.01,-2.01,-1.96,-1.37,0.27,0.27,0.26
183.95,2.23,2.04,2.23,2.03,-2.02,-1.97,-1.39,0.21,0.21,0.19
185.79,2.19,2.04,2.19,2.03,-2.03,-1.97,-1.40,0.16,0.16,0.16
187.65,2.15,2.01,2.15,2.03,-2.04,-1.98,-1.42,0.11,0.11,0.14
189.52,2.10,2.04,2.10,2.04,-2.04,-1.98,-1.44,0.06,0.06,0.07
191.42,2.06,2.07,2.06,2.05,-2.04,-1.99,-1.46,0.02,0.02,-0.01
193.33,2.02,2.06,2.02,2.04,-2.03,-1.99,-1.49,-0.01,-0.01,-0.04
195.27,1.97,2.00,1.97,2.02,-2.01,-1.99,-1.51,-0.04,-0.04,-0.03
197.22,1.92,1.99,1.92,1.99,-2.00,-1.99,-1.53,-0.08,-0.08,-0.06
199.19,1.88,1.98,1.88,1.98,-2.00,-1.99,-1.56,-0.12,-0.12,-0.10
201.18,1.83,1.98,1.83,1.97,-1.99,-1.99,-1.58,-0.16,-0.16,-0.14
203.19,1.79,1.97,1.79,1.96,-1.98,-1.99,-1.61,-0.20,-0.20,-0.18
205.23,1.74,1.94,1.74,1.96,-1.97,-1.99,-1.63,-0.23,-0.23,-0.21
207.28,1.69,1.96,1.69,1.98,-1.95,-1.98,-1.66,-0.26,-0.26,-0.27
209.35,1.64,2.00,1.64,1.99,-1.94,-1.98,-1.68,-0.30,-0.30,-0.36
211.44,1.59,2.02,1.59,1.98,-1.94,-1.97,-1.70,-0.34,-0.34,-0.42
213.56,1.55,1.91,1.55,1.91,-1.93,-1.96,-1.73,-0.39,-0.39,-0.37
215.69,1.50,1.85,1.50,1.88,-1.93,-1.96,-1.75,-0.43,-0.43,-0.35
217.85,1.45,1.81,1.45,1.87,-1.93,-1.95,-1.78,-0.48,-0.48,-0.36
220.03,1.40,1.98,1.40,1.90,-1.93,-1.94,-1.80,-0.52,-0.52,-0.57
222.23,1.36,1.94,1.36,1.94,-1.92,-1.93,-1.82,-0.56,-0.56,-0.58
224.45,1.31,1.92,1.31,1.95,-1.90,-1.91,-1.84,-0.59,-0.59,-0.60
226.70,1.27,1.93,1.27,1.93,-1.89,-1.90,-1.86,-0.62,-0.62,-0.66
228.96,1.23,1.92,1.23,1.91,-1.87,-1.89,-1.87,-0.64,-0.64,-0.69
231.25,1.19,1.87,1.19,1.86,-1.84,-1.87,-1.89,-0.65,-0.65,-0.68
233.57,1.15,1.79,1.15,1.80,-1.80,-1.86,-1.90,-0.65,-0.65,-0.64
235.90,1.11,1.73,1.11,1.74,-1.77,-1.84,-1.91,-0.65,-0.65,-0.62
238.26,1.08,1.70,1.08,1.71,-1.74,-1.82,-1.92,-0.66,-0.66,-0.62
240.64,1.05,1.69,1.05,1.69,-1.73,-1.81,-1.93,-0.68,-0.68,-0.64
243.05,1.02,1.72,1.02,1.66,-1.72,-1.79,-1.93,-0.70,-0.70,-0.70
245.48,0.99,1.63,0.99,1.70,-1.71,-1.77,-1.93,-0.72,-0.72,-0.64
247.93,0.97,1.69,0.97,1.76,-1.71,-1.75,-1.93,-0.74,-0.74,-0.72
250.41,0.94,1.92,0.94,1.80,-1.71,-1.73,-1.92,-0.76,-0.76,-0.98
252.92,0.92,1.79,0.92,1.77,-1.70,-1.71,-1.91,-0.79,-0.79,-0.88
255.45,0.89,1.66,0.89,1.68,-1.70,-1.68,-1.90,-0.81,-0.81,-0.77
258.00,0.86,1.51,0.86,1.61,-1.68,-1.66,-1.89,-0.82,-0.82,-0.65
260.58,0.84,1.65,0.84,1.61,-1.67,-1.64,-1.87,-0.83,-0.83,-0.81
263.19,0.81,1.68,0.81,1.64,-1.64,-1.62,-1.85,-0.83,-0.83,-0.88
265.82,0.78,1.63,0.78,1.66,-1.61,-1.59,-1.83,-0.83,-0.83,-0.85
268.48,0.75,1.63,0.75,1.61,-1.59,-1.57,-1.80,-0.84,-0.84,-0.88
271.16,0.71,1.56,0.71,1.57,-1.58,-1.54,-1.77,-0.87,-0.87,-0.85
273.87,0.68,1.54,0.68,1.55,-1.57,-1.52,-1.74,-0.89,-0.89,-0.86
276.61,0.64,1.54,0.64,1.53,-1.54,-1.49,-1.71,-0.90,-0.90,-0.89
279.38,0.60,1.51,0.60,1.51,-1.51,-1.46,-1.68,-0.90,-0.90,-0.91
282.17,0.57,1.49,0.57,1.49,-1.47,-1.44,-1.64,-0.90,-0.90,-0.92
284.99,0.53,1.47,0.53,1.46,-1.43,-1.41,-1.61,-0.90,-0.90,-0.94
287.84,0.49,1.41,0.49,1.41,-1.40,-1.38,-1.57,-0.91,-0.91,-0.93
290.72,0.45,1.35,0.45,1.34,-1.37,-1.35,-1.53,-0.92,-0.92,-0.91
293.63,0.41,1.27,0.41,1.30,-1.34,-1.33,-1.49,-0.93,-0.93,-0.87
296.57,0.37,1.26,0.37,1.28,-1.31,-1.30,-1.45,-0.94,-0.94,-0.90
299.53,0.32,1.31,0.32,1.28,-1.28,-1.27,-1.41,-0.95,-0.95,-0.98
302.53,0.28,1.30,0.28,1.28,-1.25,-1.24,-1.37,-0.96,-0.96,-1.01
305.55,0.24,1.24,0.24,1.26,-1.22,-1.21,-1.33,-0.98,-0.98,-0.99
308.61,0.20,1.20,0.20,1.21,-1.20,-1.18,-1.29,-1.00,-1.00,-1.00
311.69,0.16,1.19,0.16,1.17,-1.18,-1.15,-1.24,-1.02,-1.02,-1.03
314.81,0.12,1.11,0.12,1.14,-1.16,-1.12,-1.20,-1.04,-1.04,-0.99
317.96,0.08,1.12,0.08,1.12,-1.13,-1.09,-1.16,-1.05,-1.05,-1.04
321.14,0.04,1.12,0.04,1.11,-1.10,-1.06,-1.12,-1.06,-1.06,-1.08
324.35,-0.00,1.10,-0.00,1.09,-1.07,-1.03,-1.07,-1.07,-1.07,-1.10
327.59,-0.04,1.04,-0.04,1.05,-1.04,-1.00,-1.03,-1.08,-1.08,-1.09
330.87,-0.08,0.99,-0.08,1.01,-1.01,-0.97,-0.99,-1.10,-1.10,-1.08
334.18,-0.12,0.99,-0.12,0.97,-0.99,-0.94,-0.95,-1.11,-1.11,-1.11
337.52,-0.16,0.95,-0.16,0.94,-0.96,-0.91,-0.91,-1.13,-1.13,-1.11
340.90,-0.20,0.91,-0.20,0.93,-0.94,-0.89,-0.87,-1.14,-1.14,-1.11
344.30,-0.24,0.91,-0.24,0.91,-0.91,-0.86,-0.83,-1.15,-1.15,-1.15
347.75,-0.28,0.91,-0.28,0.89,-0.88,-0.83,-0.79,-1.16,-1.16,-1.19
351.23,-0.32,0.88,-0.32,0.87,-0.85,-0.80,-0.75,-1.17,-1.17,-1.20
354.74,-0.36,0.81,-0.36,0.83,-0.82,-0.77,-0.72,-1.18,-1.18,-1.17
358.28,-0.40,0.79,-0.40,0.79,-0.79,-0.74,-0.68,-1.19,-1.19,-1.19
361.87,-0.44,0.75,-0.44,0.74,-0.75,-0.71,-0.64,-1.19,-1.19,-1.19
365.49,-0.48,0.70,-0.48,0.70,-0.70,-0.68,-0.61,-1.18,-1.18,-1.18
369.14,-0.52,0.65,-0.52,0.66,-0.66,-0.65,-0.57,-1.18,-1.18,-1.17
372.83,-0.56,0.61,-0.56,0.61,-0.62,-0.63,-0.54,-1.18,-1.18,-1.17
376.56,-0.60,0.58,-0.60,0.58,-0.58,-0.60,-0.50,-1.18,-1.18,-1.18
380.33,-0.64,0.54,-0.64,0.54,-0.54,-0.57,-0.47,-1.18,-1.18,-1.18
384.13,-0.68,0.50,-0.68,0.50,-0.50,-0.54,-0.43,-1.19,-1.19,-1.18
387.97,-0.72,0.47,-0.72,0.48,-0.47,-0.52,-0.40,-1.19,-1.19,-1.19
391.85,-0.76,0.45,-0.76,0.44,-0.44,-0.49,-0.37,-1.20,-1.20,-1.21
395.77,-0.80,0.43,-0.80,0.40,-0.40,-0.47,-0.34,-1.21,-1.21,-1.23
399.73,-0.84,0.34,-0.84,0.37,-0.37,-0.44,-0.31,-1.21,-1.21,-1.18
403.72,-0.88,0.33,-0.88,0.33,-0.34,-0.42,-0.28,-1.22,-1.22,-1.21
407.76,-0.92,0.32,-0.92,0.31,-0.31,-0.39,-0.25,-1.23,-1.23,-1.24
411.84,-0.96,0.29,-0.96,0.29,-0.28,-0.37,-0.22,-1.23,-1.23,-1.24
415.96,-0.99,0.26,-0.99,0.26,-0.25,-0.35,-0.19,-1.24,-1.24,-1.25
420.12,-1.02,0.23,-1.02,0.23,-0.23,-0.32,-0.16,-1.25,-1.25,-1.25
424.32,-1.05,0.20,-1.05,0.20,-0.21,-0.30,-0.14,-1.26,-1.26,-1.25
428.56,-1.08,0.18,-1.08,0.18,-0.19,-0.28,-0.11,-1.27,-1.27,-1.26
432.85,-1.10,0.17,-1.10,0.17,-0.17,-0.26,-0.09,-1.28,-1.28,-1.28
437.18,-1.13,0.16,-1.13,0.16,-0.16,-0.24,-0.07,-1.29,-1.28,-1.29
441.55,-1.14,0.16,-1.14,0.15,-0.15,-0.23,-0.04,-1.30,-1.30,-1.30
445.96,-1.16,0.15,-1.16,0.14,-0.15,-0.21,-0.02,-1.31,-1.31,-1.31
450.42,-1.17,0.14,-1.17,0.14,-0.15,-0.19,-0.01,-1.32,-1.32,-1.31
454.93,-1.18,0.14,-1.18,0.15,-0.16,-0.18,0.01,-1.34,-1.34,-1.33
459.48,-1.19,0.17,-1.19,0.16,-0.16,-0.16,0.03,-1.36,-1.36,-1.37
464.07,-1.21,0.18,-1.21,0.17,-0.17,-0.15,0.04,-1.37,-1.37,-1.39
468.71,-1.22,0.17,-1.22,0.17,-0.17,-0.14,0.05,-1.39,-1.39,-1.39
473.40,-1.23,0.16,-1.23,0.18,-0.17,-0.12,0.06,-1.40,-1.40,-1.39
478.13,-1.24,0.18,-1.24,0.18,-0.17,-0.11,0.07,-1.41,-1.41,-1.42
482.91,-1.26,0.19,-1.25,0.18,-0.17,-0.10,0.08,-1.42,-1.42,-1.45
487.74,-1.27,0.17,-1.27,0.17,-0.16,-0.10,0.09,-1.43,-1.43,-1.44
492.62,-1.29,0.15,-1.29,0.14,-0.15,-0.09,0.09,-1.44,-1.44,-1.44
497.55,-1.30,0.12,-1.30,0.13,-0.14,-0.08,0.09,-1.45,-1.45,-1.42
502.52,-1.32,0.12,-1.32,0.13,-0.14,-0.08,0.09,-1.46,-1.46,-1.44
507.55,-1.34,0.16,-1.34,0.13,-0.13,-0.07,0.09,-1.47,-1.47,-1.50
512.62,-1.35,0.12,-1.35,0.13,-0.13,-0.07,0.08,-1.48,-1.48,-1.48
517.75,-1.37,0.11,-1.37,0.13,-0.12,-0.07,0.07,-1.49,-1.49,-1.48
522.93,-1.39,0.13,-1.39,0.12,-0.12,-0.07,0.07,-1.51,-1.51,-1.52
528.16,-1.41,0.14,-1.41,0.14,-0.13,-0.07,0.06,-1.54,-1.54,-1.55
533.44,-1.43,0.14,-1.43,0.13,-0.13,-0.07,0.04,-1.56,-1.56,-1.56
538.77,-1.44,0.13,-1.44,0.12,-0.14,-0.07,0.03,-1.58,-1.58,-1.57
544.16,-1.46,0.10,-1.46,0.13,-0.15,-0.08,0.01,-1.61,-1.61,-1.56
549.60,-1.48,0.15,-1.48,0.15,-0.15,-0.08,-0.00,-1.62,-1.62,-1.62
555.10,-1.49,0.19,-1.49,0.17,-0.15,-0.09,-0.02,-1.64,-1.64,-1.68
560.65,-1.51,0.20,-1.51,0.18,-0.15,-0.09,-0.04,-1.66,-1.66,-1.71
566.25,-1.53,0.15,-1.53,0.16,-0.14,-0.10,-0.07,-1.67,-1.67,-1.67
571.92,-1.54,0.12,-1.54,0.13,-0.15,-0.11,-0.09,-1.69,-1.69,-1.66
577.64,-1.55,0.12,-1.55,0.12,-0.15,-0.12,-0.11,-1.70,-1.70,-1.68
583.41,-1.57,0.13,-1.57,0.12,-0.15,-0.13,-0.14,-1.71,-1.71,-1.69
589.25,-1.58,0.13,-1.58,0.15,-0.15,-0.14,-0.16,-1.73,-1.73,-1.71
595.14,-1.59,0.17,-1.59,0.16,-0.15,-0.15,-0.19,-1.74,-1.74,-1.76
601.09,-1.60,0.20,-1.60,0.18,-0.16,-0.17,-0.22,-1.76,-1.76,-1.80
607.10,-1.61,0.16,-1.61,0.18,-0.18,-0.18,-0.25,-1.79,-1.79,-1.78
613.17,-1.62,0.19,-1.62,0.18,-0.19,-0.20,-0.28,-1.81,-1.81,-1.81
619.30,-1.63,0.18,-1.63,0.19,-0.20,-0.21,-0.31,-1.83,-1.83,-1.82
625.50,-1.64,0.21,-1.64,0.21,-0.21,-0.23,-0.34,-1.85,-1.85,-1.85
631.75,-1.65,0.25,-1.65,0.22,-0.22,-0.25,-0.38,-1.86,-1.86,-1.90
638.07,-1.65,0.22,-1.65,0.23,-0.23,-0.27,-0.41,-1.88,-1.88,-1.88
644.45,-1.66,0.23,-1.66,0.24,-0.25,-0.28,-0.44,-1.90,-1.90,-1.89
650.89,-1.66,0.25,-1.66,0.25,-0.26,-0.30,-0.48,-1.93,-1.93,-1.91
657.40,-1.67,0.27,-1.67,0.28,-0.28,-0.33,-0.51,-1.95,-1.95,-1.94
663.98,-1.67,0.31,-1.67,0.31,-0.30,-0.35,-0.55,-1.97,-1.97,-1.97
670.62,-1.67,0.35,-1.67,0.33,-0.32,-0.37,-0.58,-1.99,-1.99,-2.01
677.32,-1.67,0.35,-1.67,0.35,-0.34,-0.39,-0.62,-2.01,-2.01,-2.01
684.10,-1.66,0.36,-1.66,0.37,-0.36,-0.42,-0.66,-2.03,-2.03,-2.03
690.94,-1.66,0.39,-1.66,0.38,-0.39,-0.44,-0.70,-2.05,-2.05,-2.05
697.85,-1.66,0.41,-1.66,0.40,-0.41,-0.47,-0.74,-2.07,-2.07,-2.07
704.83,-1.65,0.42,-1.65,0.43,-0.44,-0.50,-0.77,-2.09,-2.09,-2.07
711.87,-1.64,0.44,-1.64,0.47,-0.46,-0.52,-0.81,-2.11,-2.11,-2.09
718.99,-1.63,0.54,-1.63,0.49,-0.49,-0.55,-0.85,-2.13,-2.13,-2.18
726.18,-1.62,0.51,-1.62,0.53,-0.52,-0.58,-0.90,-2.14,-2.14,-2.13
733.44,-1.61,0.53,-1.61,0.56,-0.55,-0.61,-0.94,-2.16,-2.16,-2.14
740.78,-1.60,0.61,-1.60,0.58,-0.58,-0.64,-0.98,-2.18,-2.18,-2.21
748.19,-1.58,0.62,-1.58,0.62,-0.61,-0.68,-1.02,-2.19,-2.19,-2.20
755.67,-1.56,0.64,-1.56,0.65,-0.64,-0.71,-1.06,-2.21,-2.21,-2.21
763.23,-1.54,0.68,-1.54,0.67,-0.68,-0.74,-1.11,-2.22,-2.22,-2.22
770.86,-1.52,0.71,-1.52,0.71,-0.72,-0.78,-1.15,-2.24,-2.24,-2.23
778.57,-1.50,0.75,-1.50,0.75,-0.76,-0.82,-1.20,-2.26,-2.26,-2.25
786.35,-1.47,0.79,-1.47,0.79,-0.81,-0.86,-1.24,-2.28,-2.28,-2.26
794.22,-1.44,0.84,-1.44,0.85,-0.86,-0.90,-1.28,-2.30,-2.30,-2.28
802.16,-1.41,0.91,-1.41,0.92,-0.91,-0.94,-1.33,-2.32,-2.32,-2.32
810.18,-1.37,1.01,-1.37,0.99,-0.97,-0.98,-1.38,-2.34,-2.34,-2.38
818.28,-1.34,1.04,-1.34,1.04,-1.02,-1.02,-1.42,-2.36,-2.36,-2.38
826.46,-1.30,1.07,-1.30,1.08,-1.08,-1.07,-1.47,-2.37,-2.37,-2.37
834.73,-1.26,1.12,-1.26,1.12,-1.13,-1.11,-1.51,-2.39,-2.39,-2.37
843.08,-1.21,1.17,-1.21,1.17,-1.18,-1.16,-1.56,-2.39,-2.39,-2.38
851.51,-1.17,1.23,-1.16,1.23,-1.23,-1.21,-1.60,-2.40,-2.40,-2.40
860.02,-1.11,1.28,-1.11,1.29,-1.29,-1.26,-1.65,-2.40,-2.40,-2.40
868.62,-1.06,1.34,-1.06,1.34,-1.34,-1.31,-1.69,-2.40,-2.40,-2.41
877.31,-1.01,1.40,-1.01,1.39,-1.39,-1.36,-1.73,-2.40,-2.40,-2.40
886.08,-0.95,1.43,-0.95,1.45,-1.44,-1.41,-1.78,-2.39,-2.39,-2.38
894.94,-0.88,1.51,-0.89,1.51,-1.50,-1.47,-1.82,-2.38,-2.38,-2.40
903.89,-0.82,1.58,-0.82,1.56,-1.55,-1.52,-1.86,-2.37,-2.37,-2.40
912.93,-0.75,1.60,-0.75,1.60,-1.61,-1.58,-1.90,-2.36,-2.36,-2.35
922.06,-0.68,1.62,-0.68,1.64,-1.66,-1.63,-1.94,-2.34,-2.34,-2.30
931.28,-0.61,1.69,-0.61,1.70,-1.71,-1.69,-1.97,-2.31,-2.31,-2.30
940.59,-0.53,1.78,-0.53,1.76,-1.75,-1.74,-2.01,-2.29,-2.29,-2.31
950.00,-0.45,1.83,-0.45,1.82,-1.80,-1.80,-2.04,-2.26,-2.25,-2.28
959.50,-0.37,1.85,-0.37,1.86,-1.85,-1.85,-2.07,-2.22,-2.22,-2.22
969.09,-0.28,1.89,-0.28,1.89,-1.91,-1.90,-2.10,-2.19,-2.19,-2.17
978.78,-0.20,1.93,-0.20,1.94,-1.95,-1.96,-2.13,-2.15,-2.15,-2.13
988.57,-0.11,1.99,-0.11,1.99,-2.00,-2.01,-2.15,-2.11,-2.10,-2.09
998.46,-0.01,2.06,-0.01,2.05,-2.04,-2.05,-2.18,-2.05,-2.05,-2.07
1008.44,0.08,2.10,0.08,2.10,-2.08,-2.10,-2.20,-2.00,-2.00,-2.02
1018.53,0.17,2.13,0.17,2.13,-2.11,-2.14,-2.22,-1.94,-1.94,-1.96
1028.71,0.27,2.15,0.27,2.15,-2.15,-2.18,-2.24,-1.88,-1.88,-1.87
1039.00,0.37,2.17,0.37,2.17,-2.19,-2.22,-2.25,-1.82,-1.82,-1.80
1049.39,0.47,2.20,0.47,2.20,-2.22,-2.25,-2.27,-1.75,-1.75,-1.73
1059.88,0.57,2.24,0.57,2.24,-2.25,-2.28,-2.28,-1.68,-1.68,-1.67
1070.48,0.67,2.29,0.67,2.28,-2.27,-2.31,-2.29,-1.61,-1.61,-1.62
1081.19,0.77,2.32,0.77,2.31,-2.30,-2.33,-2.30,-1.53,-1.53,-1.55
1092.00,0.87,2.33,0.87,2.33,-2.33,-2.36,-2.31,-1.46,-1.46,-1.47
1102.92,0.97,2.34,0.97,2.35,-2.35,-2.38,-2.31,-1.38,-1.38,-1.38
1113.95,1.06,2.37,1.06,2.36,-2.36,-2.40,-2.32,-1.30,-1.30,-1.30
1125.09,1.16,2.38,1.16,2.38,-2.38,-2.41,-2.33,-1.22,-1.22,-1.22
1136.34,1.26,2.39,1.26,2.39,-2.39,-2.43,-2.33,-1.13,-1.13,-1.13
1147.70,1.35,2.41,1.35,2.40,-2.40,-2.44,-2.34,-1.05,-1.05,-1.05
1159.18,1.45,2.41,1.45,2.41,-2.42,-2.46,-2.35,-0.97,-0.97,-0.96
1170.77,1.54,2.41,1.54,2.42,-2.43,-2.47,-2.35,-0.89,-0.89,-0.87
1182.48,1.63,2.44,1.63,2.44,-2.44,-2.48,-2.36,-0.81,-0.81,-0.81
1194.30,1.72,2.47,1.72,2.47,-2.46,-2.50,-2.36,-0.74,-0.74,-0.74
1206.25,1.81,2.50,1.81,2.49,-2.47,-2.51,-2.37,-0.66,-0.66,-0.68
1218.31,1.90,2.50,1.90,2.50,-2.49,-2.53,-2.38,-0.59,-0.59,-0.60
1230.49,1.99,2.51,1.99,2.51,-2.51,-2.55,-2.39,-0.53,-0.53,-0.52
1242.80,2.07,2.52,2.07,2.52,-2.53,-2.57,-2.40,-0.46,-0.46,-0.45
1255.22,2.15,2.54,2.15,2.55,-2.56,-2.59,-2.41,-0.40,-0.40,-0.39
1267.78,2.24,2.58,2.24,2.58,-2.58,-2.61,-2.43,-0.35,-0.35,-0.35
1280.45,2.32,2.62,2.32,2.61,-2.61,-2.64,-2.44,-0.29,-0.29,-0.30
1293.26,2.40,2.65,2.40,2.65,-2.64,-2.66,-2.46,-0.24,-0.24,-0.25
1306.19,2.47,2.67,2.47,2.67,-2.67,-2.69,-2.48,-0.20,-0.20,-0.20
1319.25,2.55,2.71,2.55,2.71,-2.71,-2.72,-2.50,-0.15,-0.15,-0.15
1332.45,2.63,2.74,2.63,2.74,-2.74,-2.76,-2.52,-0.11,-0.11,-0.11
1345.77,2.71,2.78,2.71,2.78,-2.78,-2.79,-2.55,-0.08,-0.07,-0.07
1359.23,2.78,2.82,2.78,2.82,-2.82,-2.83,-2.58,-0.04,-0.04,-0.04
1372.82,2.86,2.86,2.86,2.86,-2.87,-2.87,-2.61,-0.01,-0.01,-0.00
1386.55,2.93,2.90,2.93,2.91,-2.91,-2.91,-2.64,0.02,0.02,0.03
1400.41,3.01,2.96,3.01,2.96,-2.96,-2.95,-2.67,0.05,0.05,0.05
1414.42,3.08,3.02,3.08,3.01,-3.01,-3.00,-2.71,0.07,0.07,0.07
1428.56,3.16,3.07,3.16,3.07,-3.06,-3.05,-2.75,0.09,0.09,0.08
1442.85,3.23,3.12,3.23,3.12,-3.12,-3.09,-2.79,0.11,0.11,0.11
1457.28,3.31,3.17,3.31,3.17,-3.17,-3.15,-2.83,0.13,0.13,0.13
1471.85,3.38,3.22,3.38,3.23,-3.23,-3.20,-2.87,0.15,0.15,0.16
1486.57,3.46,3.28,3.46,3.28,-3.29,-3.25,-2.92,0.17,0.17,0.18
1501.43,3.53,3.34,3.53,3.34,-3.34,-3.31,-2.97,0.19,0.19,0.19
1516.45,3.61,3.40,3.61,3.40,-3.40,-3.36,-3.02,0.21,0.21,0.21
1531.61,3.69,3.46,3.69,3.46,-3.46,-3.42,-3.07,0.23,0.23,0.23
1546.93,3.76,3.51,3.76,3.52,-3.51,-3.48,-3.13,0.25,0.25,0.25
1562.40,3.84,3.57,3.84,3.57,-3.57,-3.54,-3.18,0.27,0.27,0.27
1578.02,3.92,3.63,3.92,3.63,-3.63,-3.60,-3.24,0.29,0.29,0.28
1593.80,3.99,3.68,3.99,3.68,-3.69,-3.66,-3.30,0.31,0.31,0.31
1609.74,4.07,3.74,4.07,3.74,-3.74,-3.72,-3.36,0.33,0.33,0.34
1625.84,4.15,3.79,4.15,3.79,-3.79,-3.78,-3.42,0.35,0.36,0.36
1642.10,4.23,3.85,4.23,3.85,-3.85,-3.84,-3.48,0.38,0.38,0.38
1658.52,4.31,3.90,4.31,3.90,-3.90,-3.90,-3.54,0.41,0.41,0.40
1675.10,4.38,3.96,4.38,3.95,-3.95,-3.95,-3.60,0.43,0.43,0.43
1691.85,4.46,4.00,4.46,4.00,-4.00,-4.01,-3.66,0.46,0.46,0.46
1708.77,4.54,4.05,4.54,4.05,-4.05,-4.06,-3.72,0.49,0.49,0.49
1725.86,4.62,4.09,4.62,4.09,-4.09,-4.12,-3.77,0.52,0.52,0.53
1743.12,4.70,4.14,4.70,4.14,-4.14,-4.16,-3.83,0.56,0.56,0.56
1760.55,4.77,4.18,4.77,4.18,-4.18,-4.21,-3.88,0.60,0.60,0.59
1778.15,4.85,4.21,4.85,4.21,-4.21,-4.25,-3.93,0.64,0.64,0.64
1795.94,4.92,4.25,4.92,4.25,-4.25,-4.29,-3.97,0.68,0.68,0.68
1813.90,5.00,4.28,5.00,4.28,-4.28,-4.33,-4.01,0.72,0.72,0.72
1832.03,5.07,4.31,5.07,4.31,-4.30,-4.36,-4.05,0.77,0.77,0.77
1850.36,5.15,4.33,5.14,4.33,-4.33,-4.38,-4.08,0.82,0.82,0.81
1868.86,5.22,4.34,5.22,4.35,-4.34,-4.40,-4.11,0.87,0.87,0.87
1887.55,5.28,4.36,5.28,4.36,-4.36,-4.41,-4.13,0.93,0.93,0.93
1906.42,5.35,4.37,5.35,4.36,-4.37,-4.42,-4.14,0.99,0.99,0.98
1925.49,5.42,4.36,5.42,4.37,-4.37,-4.42,-4.14,1.05,1.05,1.05
1944.74,5.48,4.36,5.48,4.36,-4.36,-4.41,-4.14,1.11,1.11,1.12
1964.19,5.54,4.35,5.54,4.36,-4.35,-4.40,-4.13,1.18,1.18,1.18
1983.83,5.59,4.34,5.59,4.34,-4.34,-4.38,-4.11,1.26,1.26,1.25
2003.67,5.65,4.33,5.65,4.32,-4.32,-4.35,-4.08,1.33,1.33,1.32
2023.71,5.70,4.29,5.70,4.29,-4.29,-4.31,-4.05,1.41,1.41,1.41
2043.94,5.74,4.24,5.74,4.25,-4.25,-4.26,-4.00,1.49,1.49,1.50
2064.38,5.79,4.20,5.79,4.20,-4.21,-4.21,-3.95,1.58,1.58,1.59
2085.03,5.82,4.16,5.82,4.15,-4.15,-4.14,-3.89,1.67,1.67,1.67
2105.88,5.86,4.10,5.86,4.10,-4.09,-4.07,-3.82,1.76,1.76,1.76
2126.94,5.89,4.03,5.89,4.03,-4.03,-3.99,-3.74,1.86,1.86,1.86
2148.20,5.91,3.95,5.91,3.95,-3.95,-3.90,-3.66,1.96,1.96,1.97
2169.69,5.93,3.86,5.93,3.86,-3.86,-3.80,-3.57,2.07,2.07,2.07
2191.38,5.95,3.77,5.95,3.77,-3.77,-3.69,-3.47,2.18,2.18,2.18
2213.30,5.96,3.67,5.96,3.67,-3.67,-3.58,-3.37,2.29,2.29,2.29
2235.43,5.97,3.55,5.97,3.55,-3.55,-3.45,-3.26,2.41,2.41,2.41
2257.78,5.97,3.43,5.97,3.43,-3.43,-3.32,-3.15,2.54,2.54,2.54
2280.36,5.96,3.29,5.96,3.29,-3.29,-3.18,-3.03,2.67,2.67,2.67
2303.17,5.95,3.15,5.95,3.15,-3.14,-3.04,-2.91,2.81,2.81,2.81
2326.20,5.94,2.99,5.94,2.99,-2.99,-2.88,-2.79,2.95,2.95,2.95
2349.46,5.92,2.82,5.92,2.82,-2.82,-2.72,-2.66,3.10,3.10,3.09
2372.95,5.89,2.64,5.89,2.64,-2.64,-2.56,-2.53,3.25,3.25,3.25
2396.68,5.86,2.45,5.86,2.45,-2.45,-2.38,-2.40,3.41,3.41,3.41
2420.65,5.83,2.26,5.83,2.26,-2.26,-2.20,-2.26,3.57,3.57,3.57
2444.86,5.79,2.05,5.79,2.05,-2.05,-2.01,-2.13,3.74,3.74,3.74
2469.31,5.75,1.85,5.75,1.84,-1.84,-1.82,-1.99,3.91,3.91,3.91
2494.00,5.71,1.63,5.71,1.63,-1.62,-1.62,-1.85,4.09,4.08,4.08
2518.94,5.66,1.40,5.66,1.40,-1.40,-1.41,-1.72,4.26,4.26,4.26
2544.13,5.61,1.17,5.61,1.17,-1.17,-1.20,-1.58,4.45,4.45,4.45
2569.57,5.57,0.93,5.57,0.93,-0.93,-0.98,-1.44,4.63,4.63,4.63
2595.27,5.52,0.69,5.52,0.69,-0.69,-0.75,-1.30,4.82,4.82,4.82
2621.22,5.47,0.45,5.47,0.45,-0.45,-0.52,-1.16,5.02,5.02,5.02
2647.43,5.42,0.20,5.42,0.20,-0.20,-0.29,-1.02,5.22,5.22,5.22
2673.90,5.37,-0.05,5.37,-0.05,0.05,-0.05,-0.88,5.42,5.42,5.42
2700.64,5.32,-0.30,5.32,-0.30,0.30,0.20,-0.74,5.62,5.62,5.62
2727.65,5.28,-0.55,5.28,-0.55,0.55,0.45,-0.59,5.83,5.83,5.83
2754.93,5.23,-0.80,5.23,-0.80,0.81,0.71,-0.45,6.04,6.04,6.03
2782.48,5.19,-1.06,5.19,-1.06,1.06,0.96,-0.31,6.25,6.25,6.25
2810.30,5.15,-1.31,5.15,-1.31,1.31,1.22,-0.17,6.46,6.46,6.46
2838.40,5.11,-1.56,5.11,-1.56,1.56,1.48,-0.03,6.67,6.67,6.67
2866.79,5.07,-1.81,5.07,-1.81,1.81,1.74,0.11,6.88,6.88,6.88
2895.46,5.03,-2.05,5.03,-2.05,2.05,2.00,0.25,7.08,7.08,7.08
2924.41,5.00,-2.29,5.00,-2.29,2.29,2.25,0.39,7.28,7.28,7.28
2953.65,4.96,-2.52,4.96,-2.52,2.52,2.50,0.53,7.48,7.48,7.48
2983.19,4.93,-2.74,4.93,-2.74,2.74,2.74,0.67,7.67,7.67,7.67
3013.02,4.90,-2.95,4.90,-2.95,2.95,2.96,0.81,7.85,7.85,7.85
3043.15,4.88,-3.15,4.88,-3.14,3.14,3.18,0.95,8.02,8.02,8.02
3073.58,4.86,-3.33,4.86,-3.33,3.33,3.37,1.10,8.18,8.18,8.18
3104.32,4.84,-3.49,4.84,-3.49,3.49,3.54,1.24,8.33,8.33,8.33
3135.36,4.83,-3.64,4.83,-3.64,3.64,3.69,1.38,8.47,8.47,8.47
3166.72,4.82,-3.76,4.82,-3.76,3.76,3.81,1.52,8.58,8.58,8.59
3198.38,4.82,-3.87,4.82,-3.87,3.86,3.91,1.66,8.69,8.69,8.69
3230.37,4.83,-3.94,4.83,-3.95,3.94,3.98,1.80,8.77,8.77,8.78
3262.67,4.84,-4.00,4.84,-4.00,3.99,4.02,1.94,8.84,8.84,8.84
3295.30,4.87,-4.03,4.87,-4.02,4.02,4.03,2.08,8.89,8.89,8.89
3328.25,4.90,-4.02,4.90,-4.03,4.02,4.01,2.21,8.92,8.92,8.92
3361.53,4.93,-4.00,4.93,-4.00,4.00,3.97,2.35,8.93,8.93,8.94
3395.15,4.98,-3.96,4.98,-3.95,3.95,3.90,2.48,8.93,8.93,8.94
3429.10,5.03,-3.87,5.03,-3.88,3.87,3.82,2.61,8.91,8.91,8.91
3463.39,5.10,-3.78,5.10,-3.78,3.78,3.71,2.74,8.87,8.87,8.87
3498.03,5.17,-3.66,5.17,-3.66,3.66,3.60,2.87,8.82,8.82,8.83
3533.01,5.24,-3.52,5.24,-3.52,3.52,3.47,2.99,8.76,8.76,8.76
3568.34,5.33,-3.37,5.33,-3.37,3.36,3.33,3.11,8.69,8.69,8.69
3604.02,5.42,-3.21,5.42,-3.20,3.20,3.18,3.22,8.61,8.61,8.62
3640.06,5.51,-3.02,5.51,-3.02,3.02,3.02,3.33,8.53,8.53,8.53
3676.46,5.61,-2.83,5.61,-2.83,2.83,2.86,3.43,8.44,8.44,8.44
3713.22,5.71,-2.64,5.71,-2.64,2.64,2.70,3.53,8.35,8.35,8.35
3750.36,5.81,-2.45,5.81,-2.45,2.46,2.54,3.61,8.27,8.27,8.26
3787.86,5.91,-2.27,5.91,-2.27,2.27,2.37,3.70,8.18,8.18,8.18
3825.74,6.01,-2.09,6.01,-2.09,2.09,2.20,3.77,8.10,8.10,8.10
3864.00,6.11,-1.91,6.11,-1.92,1.92,2.04,3.84,8.03,8.03,8.02
3902.64,6.20,-1.75,6.20,-1.75,1.75,1.87,3.89,7.96,7.96,7.96
3941.66,6.29,-1.60,6.29,-1.60,1.61,1.71,3.94,7.90,7.90,7.89
3981.08,6.37,-1.47,6.37,-1.47,1.47,1.55,3.98,7.84,7.84,7.84
4020.89,6.43,-1.35,6.43,-1.35,1.35,1.40,4.02,7.78,7.79,7.79
4061.10,6.49,-1.25,6.48,-1.25,1.25,1.27,4.04,7.74,7.74,7.74
4101.71,6.52,-1.17,6.52,-1.17,1.17,1.15,4.05,7.69,7.69,7.69
4142.73,6.54,-1.11,6.54,-1.11,1.11,1.05,4.05,7.65,7.65,7.65
4184.15,6.54,-1.07,6.54,-1.07,1.08,0.98,4.05,7.62,7.61,7.61
4226.00,6.51,-1.06,6.51,-1.06,1.06,0.95,4.04,7.57,7.58,7.57
4268.26,6.46,-1.07,6.47,-1.07,1.07,0.94,4.02,7.54,7.54,7.53
4310.94,6.40,-1.11,6.39,-1.11,1.10,0.99,3.99,7.50,7.50,7.50
4354.05,6.29,-1.16,6.29,-1.16,1.16,1.05,3.96,7.46,7.46,7.46
4397.59,6.17,-1.24,6.17,-1.24,1.25,1.16,3.92,7.41,7.42,7.41
4441.56,6.02,-1.34,6.02,-1.34,1.35,1.29,3.87,7.37,7.37,7.36
4485.98,5.84,-1.46,5.84,-1.47,1.48,1.44,3.82,7.32,7.32,7.30
4530.84,5.63,-1.61,5.63,-1.62,1.63,1.61,3.77,7.26,7.26,7.24
4576.15,5.39,-1.79,5.40,-1.79,1.79,1.80,3.72,7.18,7.18,7.18
4621.91,5.14,-1.97,5.14,-1.97,1.96,1.99,3.66,7.10,7.09,7.11
4668.13,4.85,-2.16,4.85,-2.16,2.13,2.19,3.59,6.99,6.99,7.01
4714.81,4.55,-2.35,4.55,-2.35,2.32,2.40,3.53,6.86,6.86,6.90
4761.96,4.23,-2.54,4.22,-2.53,2.51,2.62,3.47,6.73,6.73,6.77
4809.58,3.88,-2.70,3.88,-2.71,2.71,2.84,3.40,6.59,6.59,6.59
4857.67,3.53,-2.89,3.53,-2.90,2.92,3.08,3.34,6.46,6.46,6.42
4906.25,3.17,-3.12,3.17,-3.11,3.15,3.31,3.27,6.32,6.32,6.29
4955.31,2.80,-3.36,2.80,-3.36,3.39,3.56,3.21,6.19,6.19,6.16
5004.87,2.44,-3.63,2.44,-3.64,3.65,3.80,3.14,6.08,6.08,6.06
5054.91,2.07,-3.94,2.07,-3.93,3.92,4.06,3.08,6.00,6.00,6.02
5105.46,1.71,-4.23,1.71,-4.22,4.24,4.31,3.02,5.95,5.95,5.95
5156.52,1.36,-4.50,1.37,-4.52,4.56,4.56,2.96,5.92,5.93,5.87
5208.08,1.03,-4.83,1.03,-4.81,4.88,4.82,2.90,5.90,5.91,5.86
5260.16,0.71,-5.13,0.71,-5.13,5.17,5.05,2.85,5.88,5.88,5.84
5312.77,0.40,-5.43,0.41,-5.45,5.43,5.29,2.80,5.83,5.83,5.83
5365.89,0.11,-5.77,0.12,-5.76,5.64,5.49,2.75,5.75,5.76,5.89
5419.55,-0.16,-6.08,-0.15,-6.08,5.81,5.68,2.70,5.65,5.66,5.92
5473.75,-0.41,-6.37,-0.41,-6.37,5.93,5.83,2.65,5.52,5.53,5.96
5528.49,-0.65,-6.66,-0.64,-6.65,6.01,5.96,2.61,5.36,5.37,6.00
5583.77,-0.87,-6.92,-0.86,-6.91,6.05,6.03,2.57,5.18,5.19,6.05
5639.61,-1.07,-7.15,-1.06,-7.14,6.06,6.09,2.53,4.99,5.00,6.08
5696.00,-1.26,-7.37,-1.25,-7.34,6.04,6.10,2.50,4.78,4.79,6.10
5752.96,-1.43,-7.51,-1.41,-7.50,6.02,6.11,2.46,4.59,4.60,6.08
5810.49,-1.59,-7.66,-1.56,-7.64,6.00,6.08,2.43,4.41,4.44,6.07
5868.60,-1.73,-7.79,-1.69,-7.75,6.00,6.05,2.41,4.27,4.31,6.06
5927.28,-1.85,-7.89,-1.80,-7.85,6.00,6.03,2.38,4.15,4.20,6.04
5986.56,-1.95,-7.96,-1.89,-7.89,6.00,6.01,2.36,4.05,4.11,6.01
6046.42,-2.04,-7.97,-1.96,-7.88,6.01,6.01,2.34,3.97,4.05,5.93
6106.89,-2.10,-7.92,-2.00,-7.85,6.05,6.03,2.33,3.95,4.05,5.82
6167.96,-2.14,-7.85,-2.01,-7.79,6.08,6.06,2.31,3.94,4.07,5.71
6229.64,-2.15,-7.87,-1.99,-7.68,6.10,6.09,2.30,3.94,4.11,5.71
6291.93,-2.14,-7.68,-1.93,-7.51,6.07,6.06,2.30,3.93,4.14,5.54
6354.85,-2.09,-7.44,-1.84,-7.29,5.98,6.01,2.29,3.89,4.14,5.35
6418.40,-2.02,-7.20,-1.70,-7.02,5.81,5.80,2.29,3.79,4.11,5.18
6482.58,-1.90,-6.98,-1.53,-6.77,5.56,5.56,2.28,3.65,4.03,5.07
6547.41,-1.75,-6.71,-1.32,-6.51,5.23,5.15,2.29,3.48,3.91,4.96
6612.88,-1.57,-6.39,-1.08,-6.20,4.84,4.73,2.29,3.27,3.76,4.83
6679.01,-1.34,-5.95,-0.81,-5.86,4.38,4.25,2.29,3.05,3.57,4.62
6745.80,-1.07,-5.48,-0.54,-5.56,3.90,3.78,2.30,2.83,3.35,4.42
6813.26,-0.77,-5.04,-0.28,-5.33,3.39,3.34,2.30,2.62,3.12,4.27
6881.39,-0.44,-4.76,-0.03,-5.20,2.90,2.90,2.31,2.47,2.87,4.32
6950.21,-0.07,-4.48,0.17,-5.13,2.46,2.53,2.32,2.39,2.63,4.40
7019.71,0.31,-4.16,0.33,-5.09,2.08,2.16,2.33,2.39,2.41,4.47
7089.91,0.70,-3.73,0.44,-5.06,1.75,1.85,2.34,2.45,2.18,4.44
7160.81,1.10,-3.32,0.50,-5.07,1.45,1.55,2.35,2.56,1.95,4.43
7232.41,1.50,-3.02,0.51,-5.12,1.20,1.29,2.35,2.70,1.70,4.52
7304.74,1.90,-2.84,0.48,-5.19,0.98,1.03,2.36,2.87,1.45,4.73
7377.79,2.27,-2.62,0.42,-5.26,0.78,0.82,2.37,3.05,1.20,4.89
7451.56,2.61,-2.39,0.34,-5.31,0.62,0.61,2.37,3.24,0.96,5.01
7526.08,2.93,-2.20,0.25,-5.36,0.49,0.44,2.37,3.42,0.74,5.12
7601.34,3.21,-2.09,0.15,-5.39,0.38,0.28,2.37,3.59,0.53,5.29
7677.35,3.43,-2.09,0.04,-5.42,0.29,0.17,2.37,3.72,0.34,5.52
7754.13,3.63,-2.15,-0.06,-5.44,0.23,0.07,2.36,3.85,0.16,5.77
7831.67,3.73,-2.29,-0.17,-5.45,0.17,0.01,2.35,3.90,0.00,6.02
7909.98,3.80,-2.49,-0.27,-5.46,0.13,-0.04,2.34,3.93,-0.14,6.29
7989.08,3.81,-2.78,-0.37,-5.47,0.10,-0.05,2.32,3.91,-0.27,6.59
8068.98,3.74,-3.11,-0.46,-5.48,0.07,-0.07,2.30,3.81,-0.38,6.85
8149.67,3.61,-3.44,-0.55,-5.49,0.06,-0.06,2.27,3.67,-0.49,7.05
8231.16,3.43,-3.74,-0.63,-5.50,0.04,-0.04,2.24,3.47,-0.59,7.16
8313.47,3.17,-3.92,-0.71,-5.51,0.03,-0.02,2.20,3.20,-0.68,7.09
8396.61,2.87,-4.11,-0.79,-5.53,0.02,-0.00,2.17,2.90,-0.76,6.98
8480.57,2.51,-4.44,-0.86,-5.55,0.02,0.02,2.12,2.53,-0.84,6.95
8565.38,2.09,-4.72,-0.93,-5.56,0.01,0.04,2.08,2.10,-0.91,6.81
8651.03,1.64,-4.99,-1.00,-5.58,0.01,0.06,2.03,1.65,-0.98,6.63
8737.54,1.14,-5.28,-1.06,-5.59,0.01,0.08,1.98,1.15,-1.05,6.42
8824.92,0.61,-5.56,-1.12,-5.60,0.01,0.10,1.92,0.62,-1.12,6.17
8913.17,0.06,-5.88,-1.19,-5.60,0.00,0.11,1.86,0.06,-1.18,5.94
9002.30,-0.51,-6.24,-1.25,-5.61,0.00,0.12,1.80,-0.51,-1.25,5.73
9092.32,-1.10,-6.63,-1.31,-5.63,0.00,0.13,1.74,-1.09,-1.31,5.54
9183.25,-1.68,-7.07,-1.38,-5.65,0.00,0.14,1.68,-1.68,-1.38,5.39
9275.08,-2.26,-7.54,-1.45,-5.68,0.00,0.14,1.62,-2.25,-1.45,5.28
9367.83,-2.81,-8.02,-1.52,-5.73,0.00,0.14,1.55,-2.81,-1.52,5.21
9461.51,-3.33,-8.55,-1.60,-5.80,0.00,0.15,1.49,-3.33,-1.60,5.21
9556.12,-3.81,-9.05,-1.69,-5.90,0.00,0.15,1.43,-3.81,-1.69,5.24
9651.68,-4.23,-9.53,-1.78,-6.02,0.00,0.15,1.36,-4.23,-1.78,5.30
9748.20,-4.60,-10.04,-1.88,-6.17,0.00,0.15,1.30,-4.60,-1.88,5.44
9845.68,-4.87,-10.50,-1.99,-6.36,0.00,0.15,1.24,-4.87,-1.99,5.63
9944.14,-5.07,-10.93,-2.11,-6.60,0.00,0.15,1.18,-5.07,-2.11,5.85
10043.58,-5.20,-11.29,-2.24,-6.89,0.00,0.14,1.11,-5.20,-2.24,6.09
10144.02,-5.27,-11.59,-2.38,-6.92,0.00,0.14,1.06,-5.27,-2.38,6.32
10245.46,-5.26,-11.73,-2.53,-6.95,0.00,0.14,1.00,-5.26,-2.53,6.48
10347.91,-5.20,-11.73,-2.68,-6.99,0.00,0.14,0.94,-5.20,-2.68,6.53
10451.39,-5.10,-11.55,-2.83,-7.02,0.00,0.13,0.88,-5.10,-2.83,6.45
10555.91,-4.94,-11.06,-2.99,-7.05,0.00,0.13,0.83,-4.94,-2.99,6.12
10661.46,-4.75,-10.39,-3.15,-7.08,0.00,0.13,0.77,-4.75,-3.15,5.63
10768.08,-4.54,-9.55,-3.32,-7.12,0.00,0.12,0.72,-4.54,-3.32,5.01
10875.76,-4.30,-8.59,-3.49,-7.15,0.00,0.12,0.67,-4.30,-3.49,4.30
10984.52,-4.04,-7.69,-3.66,-7.19,0.00,0.12,0.62,-4.04,-3.66,3.65
11094.36,-3.79,-6.84,-3.84,-7.22,0.00,0.11,0.57,-3.79,-3.84,3.05
11205.31,-3.55,-6.04,-4.02,-7.25,0.00,0.11,0.52,-3.55,-4.02,2.50
11317.36,-3.34,-5.42,-4.20,-7.29,0.00,0.10,0.47,-3.34,-4.20,2.08
11430.53,-3.16,-4.77,-4.39,-7.32,0.00,0.10,0.42,-3.16,-4.39,1.61
11544.84,-3.04,-4.04,-4.58,-7.36,0.00,0.10,0.37,-3.04,-4.58,1.00
11660.29,-2.97,-3.26,-4.77,-7.39,0.00,0.09,0.32,-2.97,-4.77,0.29
11776.89,-2.94,-2.43,-4.97,-7.43,0.00,0.09,0.28,-2.94,-4.97,-0.51
11894.66,-3.03,-1.59,-5.17,-7.46,0.00,0.09,0.23,-3.03,-5.17,-1.44
12013.60,-3.14,-0.77,-5.37,-7.50,0.00,0.08,0.18,-3.14,-5.37,-2.38
12133.74,-3.33,-0.20,-5.58,-7.53,0.00,0.08,0.13,-3.33,-5.58,-3.13
12255.08,-3.60,0.06,-5.79,-7.57,0.00,0.08,0.09,-3.60,-5.79,-3.66
12377.63,-3.93,0.12,-6.01,-7.60,0.00,0.07,0.04,-3.93,-6.01,-4.05
12501.41,-4.32,-0.08,-6.23,-7.64,0.00,0.07,-0.01,-4.32,-6.23,-4.24
12626.42,-4.78,-1.01,-6.45,-7.67,0.00,0.07,-0.06,-4.78,-6.45,-3.77
12752.68,-5.29,-2.05,-6.68,-7.71,0.00,0.07,-0.11,-5.29,-6.68,-3.24
12880.21,-5.86,-3.08,-6.91,-7.75,0.00,0.06,-0.17,-5.86,-6.91,-2.78
13009.01,-6.47,-4.08,-7.14,-7.78,0.00,0.06,-0.22,-6.47,-7.14,-2.39
13139.10,-7.07,-5.08,-7.38,-7.82,0.00,0.06,-0.28,-7.07,-7.38,-1.99
13270.49,-7.73,-5.92,-7.62,-7.86,0.00,0.06,-0.34,-7.73,-7.62,-1.82
13403.20,-8.41,-6.68,-7.86,-7.90,0.00,0.05,-0.40,-8.41,-7.86,-1.73
13537.23,-9.10,-7.37,-8.11,-7.93,0.00,0.05,-0.46,-9.10,-8.11,-1.73
13672.60,-9.78,-8.10,-8.36,-7.97,0.00,0.05,-0.53,-9.78,-8.36,-1.68
13809.33,-10.45,-8.86,-8.62,-8.01,0.00,0.05,-0.60,-10.45,-8.62,-1.59
13947.42,-11.05,-9.56,-8.88,-8.05,0.00,0.04,-0.67,-11.05,-8.88,-1.50
14086.90,-11.55,-10.25,-9.14,-8.08,0.00,0.04,-0.75,-11.55,-9.14,-1.30
14227.77,-11.99,-10.94,-9.41,-8.12,0.00,0.04,-0.84,-11.99,-9.41,-1.05
14370.04,-12.32,-11.62,-9.68,-8.16,0.00,0.04,-0.92,-12.32,-9.68,-0.70
14513.74,-12.51,-12.28,-9.95,-8.20,0.00,0.04,-1.01,-12.51,-9.95,-0.24
14658.88,-12.55,-12.88,-10.23,-8.24,0.00,0.03,-1.11,-12.55,-10.23,0.33
14805.47,-12.54,-13.49,-10.51,-8.28,0.00,0.03,-1.21,-12.54,-10.51,0.95
14953.52,-12.46,-14.10,-10.79,-8.32,0.00,0.03,-1.31,-12.46,-10.79,1.63
15103.06,-12.38,-14.63,-11.08,-8.36,0.00,0.03,-1.40,-12.38,-11.08,2.25
15254.09,-12.29,-15.11,-11.37,-8.40,0.00,0.03,-1.50,-12.29,-11.37,2.83
15406.63,-12.24,-15.30,-11.67,-8.44,0.00,0.03,-1.59,-12.24,-11.67,3.05
15560.70,-12.23,-15.32,-11.96,-8.48,0.00,0.02,-1.67,-12.23,-11.96,3.09
15716.30,-12.27,-15.10,-12.27,-8.52,0.00,0.02,-1.72,-12.27,-12.27,2.83
15873.47,-12.39,-14.67,-12.57,-8.56,0.00,0.02,-1.77,-12.39,-12.57,2.29
16032.20,-12.54,-14.19,-12.88,-8.60,0.00,0.02,-1.78,-12.54,-12.88,1.65
16192.52,-12.77,-13.70,-13.19,-8.64,0.00,0.02,-1.77,-12.77,-13.19,0.94
16354.45,-13.04,-13.30,-13.51,-8.68,0.00,0.02,-1.73,-13.04,-13.51,0.26
16517.99,-13.35,-12.96,-13.83,-8.72,0.00,0.02,-1.67,-13.35,-13.83,-0.40
16683.17,-13.73,-12.74,-14.16,-8.76,0.00,0.02,-1.57,-13.73,-14.16,-0.99
16850.01,-14.12,-12.66,-14.48,-8.80,0.00,0.01,-1.47,-14.12,-14.48,-1.47
17018.51,-14.54,-12.68,-14.81,-8.84,0.00,0.01,-1.34,-14.54,-14.81,-1.86
17188.69,-14.99,-12.88,-15.15,-8.88,0.00,0.01,-1.22,-14.99,-15.15,-2.11
17360.58,-15.44,-13.22,-15.49,-8.93,0.00,0.01,-1.09,-15.44,-15.49,-2.22
17534.18,-15.89,-13.63,-15.83,-8.97,0.00,0.01,-0.97,-15.89,-15.83,-2.26
17709.53,-16.34,-13.95,-16.17,-9.01,0.00,0.01,-0.86,-16.34,-16.17,-2.39
17886.62,-16.77,-14.08,-16.52,-9.05,0.00,0.01,-0.75,-16.77,-16.52,-2.69
18065.49,-17.17,-13.97,-16.88,-9.10,0.00,0.01,-0.65,-17.17,-16.88,-3.20
18246.14,-17.54,-13.53,-17.23,-9.14,0.00,0.01,-0.56,-17.54,-17.23,-4.01
18428.60,-17.83,-12.48,-17.59,-9.18,0.00,0.01,-0.48,-17.83,-17.59,-5.35
18612.89,-18.07,-11.04,-17.96,-9.22,0.00,0.01,-0.41,-18.07,-17.96,-7.03
18799.02,-18.24,-9.24,-18.32,-9.27,0.00,0.01,-0.35,-18.24,-18.32,-9.00
18987.01,-18.34,-7.15,-18.69,-9.31,0.00,0.00,-0.29,-18.34,-18.69,-11.20
19176.88,-18.39,-4.53,-19.07,-9.36,0.00,0.00,-0.25,-18.39,-19.07,-13.86
19368.65,-18.41,-0.99,-19.45,-9.40,0.00,0.00,-0.20,-18.41,-19.45,-17.43
19562.33,-18.42,3.56,-19.83,-9.44,0.00,0.00,-0.17,-18.42,-19.83,-21.99
19757.96,-18.42,9.09,-20.21,-9.49,0.00,0.00,-0.13,-18.42,-20.21,-27.51
19955.54,-18.42,14.61,-20.60,-9.53,0.00,0.00,-0.10,-18.42,-20.60,-33.04
