frequency,raw,error,smoothed,error_smoothed,equalization,parametric_eq,fixed_band_eq,equalized_raw,equalized_smoothed,target
20.00,11.86,0.50,11.89,0.51,-0.27,0.09,-0.38,11.59,11.62,11.36
20.20,11.69,0.33,11.66,0.33,-0.23,0.09,-0.39,11.45,11.43,11.36
20.40,11.52,0.19,11.49,0.18,-0.21,0.08,-0.40,11.31,11.28,11.32
20.61,11.36,0.10,11.37,0.08,-0.21,0.08,-0.42,11.15,11.16,11.26
20.81,11.27,0.01,11.27,0.01,-0.22,0.08,-0.43,11.05,11.05,11.26
21.02,11.26,0.00,11.26,0.01,-0.25,0.08,-0.44,11.01,11.01,11.26
21.23,11.33,0.07,11.35,0.09,-0.30,0.08,-0.46,11.03,11.05,11.26
21.44,11.52,0.26,11.53,0.27,-0.37,0.08,-0.47,11.15,11.16,11.26
21.66,11.77,0.52,11.77,0.51,-0.55,0.07,-0.49,11.22,11.22,11.26
21.87,12.03,0.77,12.02,0.76,-0.73,0.07,-0.50,11.30,11.29,11.26
22.09,12.24,0.98,12.24,0.99,-0.88,0.07,-0.52,11.35,11.35,11.26
22.31,12.40,1.14,12.39,1.12,-0.99,0.06,-0.54,11.41,11.40,11.26
22.54,12.46,1.19,12.45,1.16,-1.02,0.06,-0.55,11.44,11.44,11.27
22.76,12.42,1.08,12.41,1.09,-0.96,0.06,-0.57,11.46,11.45,11.35
22.99,12.28,0.92,12.27,0.92,-0.83,0.05,-0.59,11.45,11.44,11.36
23.22,12.05,0.69,12.05,0.68,-0.64,0.05,-0.61,11.40,11.41,11.36
23.45,11.79,0.43,11.79,0.41,-0.43,0.04,-0.63,11.36,11.36,11.36
23.69,11.54,0.12,11.54,0.14,-0.22,0.04,-0.65,11.32,11.32,11.42
23.92,11.35,-0.11,11.36,-0.08,-0.06,0.03,-0.67,11.29,11.30,11.46
24.16,11.26,-0.20,11.27,-0.21,0.05,0.02,-0.69,11.31,11.33,11.46
24.40,11.28,-0.25,11.29,-0.23,0.10,0.02,-0.70,11.38,11.39,11.53
24.65,11.38,-0.18,11.38,-0.16,0.10,0.01,-0.73,11.48,11.48,11.56
24.89,11.53,-0.03,11.52,-0.04,0.05,-0.00,-0.75,11.57,11.57,11.56
25.14,11.66,0.11,11.66,0.10,-0.02,-0.01,-0.77,11.64,11.64,11.56
25.39,11.79,0.23,11.77,0.21,-0.10,-0.02,-0.79,11.69,11.67,11.56
25.65,11.82,0.27,11.82,0.27,-0.16,-0.04,-0.81,11.67,11.67,11.56
25.91,11.83,0.27,11.83,0.27,-0.19,-0.05,-0.83,11.64,11.63,11.56
26.16,11.79,0.24,11.79,0.23,-0.21,-0.06,-0.84,11.59,11.59,11.56
26.43,11.74,0.18,11.74,0.18,-0.20,-0.08,-0.86,11.54,11.54,11.56
26.69,11.69,0.13,11.69,0.12,-0.19,-0.09,-0.88,11.50,11.50,11.56
26.96,11.65,0.09,11.66,0.10,-0.18,-0.11,-0.90,11.48,11.48,11.56
27.23,11.64,0.09,11.65,0.12,-0.17,-0.13,-0.92,11.47,11.48,11.55
27.50,11.66,0.20,11.66,0.17,-0.18,-0.15,-0.93,11.48,11.48,11.46
27.77,11.69,0.23,11.69,0.23,-0.20,-0.18,-0.95,11.49,11.49,11.46
28.05,11.72,0.27,11.72,0.27,-0.23,-0.20,-0.96,11.50,11.49,11.46
28.33,11.76,0.30,11.75,0.30,-0.27,-0.23,-0.97,11.49,11.49,11.46
28.62,11.79,0.33,11.79,0.33,-0.32,-0.26,-0.99,11.47,11.47,11.46
28.90,11.82,0.36,11.82,0.36,-0.37,-0.29,-0.99,11.44,11.45,11.46
29.19,11.86,0.40,11.86,0.40,-0.44,-0.32,-1.00,11.43,11.43,11.46
29.48,11.91,0.45,11.92,0.45,-0.50,-0.36,-1.01,11.41,11.41,11.46
29.78,11.99,0.53,11.99,0.54,-0.58,-0.40,-1.01,11.41,11.41,11.46
30.08,12.07,0.62,12.07,0.64,-0.65,-0.44,-1.01,11.42,11.42,11.44
30.38,12.14,0.76,12.14,0.75,-0.72,-0.49,-1.01,11.43,11.43,11.38
30.68,12.20,0.84,12.20,0.82,-0.77,-0.54,-1.01,11.43,11.43,11.36
30.99,12.22,0.86,12.22,0.86,-0.80,-0.59,-1.00,11.42,11.41,11.36
31.30,12.20,0.84,12.20,0.86,-0.82,-0.65,-0.99,11.38,11.38,11.36
31.61,12.16,0.85,12.15,0.85,-0.82,-0.70,-0.99,11.33,11.33,11.31
31.93,12.09,0.83,12.09,0.81,-0.81,-0.77,-0.97,11.28,11.28,11.26
32.24,12.03,0.78,12.03,0.78,-0.80,-0.83,-0.96,11.23,11.23,11.26
32.57,12.00,0.74,12.00,0.75,-0.79,-0.90,-0.94,11.20,11.21,11.26
32.89,12.00,0.74,12.01,0.75,-0.80,-0.97,-0.92,11.21,11.21,11.26
33.22,12.05,0.79,12.05,0.79,-0.82,-1.05,-0.90,11.23,11.23,11.26
33.55,12.11,0.85,12.11,0.85,-0.86,-1.12,-0.88,11.25,11.25,11.26
33.89,12.19,0.93,12.18,0.92,-0.91,-1.20,-0.85,11.28,11.27,11.26
34.23,12.26,1.00,12.26,1.00,-0.98,-1.27,-0.82,11.28,11.28,11.26
34.57,12.33,1.07,12.33,1.07,-1.06,-1.35,-0.79,11.27,11.27,11.26
34.92,12.40,1.14,12.40,1.14,-1.15,-1.42,-0.76,11.25,11.25,11.26
35.27,12.48,1.23,12.49,1.23,-1.25,-1.48,-0.73,11.24,11.24,11.26
35.62,12.58,1.32,12.58,1.32,-1.34,-1.54,-0.70,11.24,11.24,11.26
35.97,12.68,1.42,12.68,1.42,-1.43,-1.59,-0.66,11.25,11.25,11.26
36.33,12.77,1.51,12.77,1.51,-1.50,-1.63,-0.62,11.27,11.27,11.26
36.70,12.85,1.59,12.85,1.59,-1.56,-1.65,-0.59,11.29,11.29,11.26
37.06,12.90,1.64,12.90,1.65,-1.61,-1.67,-0.55,11.30,11.29,11.26
37.43,12.93,1.67,12.93,1.67,-1.64,-1.66,-0.51,11.30,11.29,11.26
37.81,12.94,1.68,12.95,1.67,-1.65,-1.65,-0.47,11.29,11.29,11.26
38.19,12.95,1.63,12.95,1.63,-1.66,-1.61,-0.43,11.29,11.29,11.32
38.57,12.94,1.58,12.94,1.60,-1.64,-1.57,-0.39,11.30,11.29,11.36
38.95,12.91,1.56,12.92,1.58,-1.62,-1.50,-0.35,11.30,11.30,11.36
39.34,12.88,1.59,12.88,1.56,-1.57,-1.43,-0.30,11.30,11.30,11.29
39.74,12.81,1.55,12.81,1.54,-1.51,-1.35,-0.26,11.30,11.29,11.26
40.14,12.71,1.46,12.71,1.48,-1.44,-1.26,-0.22,11.27,11.27,11.25
40.54,12.58,1.40,12.58,1.38,-1.34,-1.16,-0.18,11.24,11.24,11.19
40.94,12.43,1.27,12.43,1.26,-1.24,-1.06,-0.13,11.19,11.19,11.16
41.35,12.27,1.11,12.27,1.12,-1.11,-0.96,-0.09,11.16,11.16,11.16
41.76,12.11,0.95,12.11,0.95,-0.97,-0.86,-0.05,11.14,11.14,11.16
42.18,11.96,0.80,11.96,0.80,-0.82,-0.75,-0.00,11.14,11.14,11.16
42.60,11.81,0.65,11.81,0.65,-0.67,-0.64,0.04,11.14,11.14,11.16
43.03,11.68,0.52,11.68,0.52,-0.53,-0.54,0.08,11.15,11.15,11.16
43.46,11.54,0.38,11.54,0.39,-0.39,-0.44,0.13,11.15,11.15,11.16
43.90,11.39,0.26,11.39,0.27,-0.27,-0.34,0.17,11.12,11.12,11.13
44.33,11.23,0.17,11.23,0.17,-0.17,-0.25,0.22,11.06,11.06,11.07
44.78,11.08,0.08,11.08,0.07,-0.08,-0.16,0.26,10.99,11.00,11.00
45.23,10.94,-0.02,10.95,-0.02,-0.01,-0.07,0.31,10.93,10.94,10.96
45.68,10.84,-0.12,10.85,-0.08,0.06,0.01,0.35,10.90,10.91,10.96
46.13,10.77,-0.12,10.77,-0.13,0.13,0.10,0.39,10.89,10.89,10.89
46.60,10.70,-0.16,10.70,-0.17,0.19,0.17,0.44,10.89,10.89,10.86
47.06,10.63,-0.23,10.63,-0.23,0.27,0.25,0.48,10.89,10.89,10.86
47.53,10.54,-0.31,10.54,-0.31,0.35,0.32,0.53,10.89,10.89,10.86
48.01,10.45,-0.41,10.45,-0.42,0.44,0.39,0.57,10.89,10.89,10.86
48.49,10.34,-0.52,10.33,-0.53,0.54,0.45,0.62,10.88,10.87,10.86
48.97,10.20,-0.66,10.20,-0.64,0.65,0.52,0.66,10.85,10.84,10.86
49.46,10.05,-0.76,10.05,-0.77,0.76,0.58,0.71,10.81,10.81,10.81
49.96,9.89,-0.87,9.90,-0.88,0.86,0.64,0.75,10.75,10.76,10.76
50.46,9.77,-0.99,9.77,-0.96,0.95,0.70,0.80,10.71,10.72,10.76
50.96,9.66,-1.04,9.66,-1.04,1.01,0.75,0.84,10.67,10.68,10.70
51.47,9.58,-1.08,9.58,-1.10,1.06,0.80,0.89,10.64,10.64,10.66
51.99,9.52,-1.14,9.52,-1.12,1.10,0.85,0.93,10.61,10.62,10.66
52.51,9.47,-1.13,9.47,-1.12,1.12,0.90,0.98,10.59,10.59,10.60
53.03,9.43,-1.10,9.42,-1.11,1.13,0.95,1.02,10.56,10.56,10.53
53.56,9.37,-1.08,9.36,-1.10,1.14,1.00,1.06,10.51,10.50,10.45
54.10,9.28,-1.11,9.26,-1.12,1.14,1.05,1.10,10.42,10.40,10.38
54.64,9.16,-1.16,9.16,-1.15,1.14,1.09,1.15,10.30,10.30,10.32
55.18,9.05,-1.20,9.07,-1.18,1.14,1.13,1.19,10.18,10.21,10.25
55.74,9.01,-1.17,9.02,-1.18,1.15,1.18,1.23,10.16,10.17,10.18
56.29,9.00,-1.16,9.00,-1.16,1.18,1.22,1.26,10.17,10.17,10.16
56.86,9.00,-1.14,8.97,-1.15,1.20,1.26,1.30,10.19,10.17,10.14
57.42,8.91,-1.16,8.90,-1.17,1.21,1.30,1.34,10.12,10.12,10.07
58.00,8.79,-1.21,8.78,-1.23,1.22,1.34,1.37,10.01,10.00,10.00
58.58,8.64,-1.30,8.64,-1.29,1.23,1.38,1.41,9.86,9.87,9.94
59.16,8.51,-1.35,8.54,-1.33,1.24,1.42,1.44,9.75,9.78,9.86
59.76,8.47,-1.32,8.48,-1.31,1.28,1.45,1.47,9.75,9.75,9.80
60.35,8.45,-1.28,8.45,-1.28,1.33,1.49,1.50,9.78,9.78,9.73
60.96,8.42,-1.24,8.40,-1.28,1.40,1.53,1.52,9.82,9.80,9.66
61.57,8.32,-1.34,8.30,-1.36,1.47,1.56,1.55,9.79,9.76,9.66
62.18,8.15,-1.51,8.15,-1.50,1.54,1.60,1.57,9.69,9.69,9.66
62.80,7.97,-1.68,7.99,-1.67,1.61,1.63,1.59,9.58,9.60,9.66
63.43,7.87,-1.79,7.87,-1.79,1.68,1.67,1.61,9.54,9.55,9.66
64.07,7.80,-1.86,7.81,-1.85,1.74,1.70,1.63,9.54,9.56,9.66
64.71,7.81,-1.85,7.80,-1.86,1.81,1.74,1.65,9.62,9.61,9.66
65.35,7.81,-1.85,7.81,-1.85,1.87,1.77,1.66,9.68,9.67,9.66
66.01,7.81,-1.85,7.80,-1.86,1.92,1.81,1.67,9.73,9.72,9.66
66.67,7.77,-1.89,7.77,-1.89,1.97,1.84,1.69,9.74,9.74,9.66
67.33,7.71,-1.95,7.71,-1.95,2.03,1.87,1.70,9.73,9.73,9.66
68.01,7.62,-2.04,7.61,-2.06,2.09,1.90,1.71,9.71,9.70,9.66
68.69,7.49,-2.17,7.49,-2.18,2.17,1.94,1.71,9.65,9.65,9.66
69.37,7.35,-2.31,7.35,-2.29,2.24,1.97,1.72,9.59,9.59,9.66
70.07,7.22,-2.38,7.23,-2.36,2.30,2.00,1.73,9.51,9.52,9.59
70.77,7.13,-2.39,7.14,-2.40,2.34,2.03,1.74,9.47,9.47,9.52
71.48,7.09,-2.37,7.09,-2.39,2.36,2.06,1.74,9.44,9.45,9.46
72.19,7.07,-2.38,7.08,-2.37,2.36,2.09,1.75,9.43,9.43,9.46
72.91,7.07,-2.34,7.07,-2.33,2.35,2.12,1.75,9.42,9.42,9.42
73.64,7.06,-2.29,7.06,-2.30,2.34,2.15,1.76,9.39,9.39,9.35
74.38,7.02,-2.26,7.01,-2.27,2.33,2.18,1.77,9.34,9.34,9.28
75.12,6.94,-2.27,6.93,-2.28,2.33,2.21,1.77,9.27,9.26,9.21
75.87,6.82,-2.32,6.82,-2.32,2.34,2.24,1.78,9.16,9.16,9.14
76.63,6.70,-2.37,6.70,-2.37,2.36,2.27,1.79,9.06,9.06,9.07
77.40,6.58,-2.43,6.59,-2.42,2.38,2.30,1.80,8.96,8.97,9.00
78.17,6.49,-2.44,6.49,-2.44,2.41,2.33,1.80,8.90,8.90,8.94
78.95,6.42,-2.45,6.42,-2.45,2.43,2.36,1.82,8.84,8.84,8.87
79.74,6.35,-2.45,6.35,-2.45,2.45,2.38,1.83,8.80,8.80,8.80
80.54,6.28,-2.45,6.28,-2.45,2.47,2.41,1.84,8.75,8.75,8.73
81.35,6.21,-2.45,6.21,-2.46,2.49,2.44,1.85,8.70,8.69,8.66
82.16,6.13,-2.47,6.13,-2.46,2.51,2.46,1.87,8.63,8.63,8.60
82.98,6.04,-2.48,6.04,-2.48,2.52,2.49,1.88,8.57,8.56,8.53
83.81,5.97,-2.49,5.96,-2.52,2.52,2.52,1.90,8.49,8.49,8.46
84.65,5.90,-2.56,5.90,-2.56,2.50,2.54,1.92,8.40,8.40,8.46
85.50,5.88,-2.58,5.88,-2.57,2.46,2.57,1.94,8.33,8.34,8.46
86.35,5.89,-2.56,5.91,-2.52,2.40,2.59,1.96,8.29,8.31,8.45
87.22,5.97,-2.41,5.97,-2.41,2.35,2.61,1.99,8.32,8.32,8.38
88.09,6.05,-2.26,6.04,-2.27,2.32,2.64,2.01,8.37,8.36,8.31
88.97,6.07,-2.17,6.07,-2.17,2.31,2.66,2.04,8.38,8.38,8.24
89.86,6.05,-2.12,6.03,-2.15,2.32,2.68,2.07,8.37,8.35,8.17
90.76,5.93,-2.23,5.92,-2.25,2.36,2.70,2.10,8.29,8.28,8.16
91.66,5.75,-2.41,5.75,-2.41,2.43,2.73,2.13,8.18,8.18,8.16
92.58,5.55,-2.61,5.55,-2.59,2.52,2.75,2.16,8.06,8.07,8.16
93.51,5.36,-2.74,5.37,-2.72,2.62,2.77,2.20,7.98,7.99,8.10
94.44,5.22,-2.81,5.23,-2.81,2.72,2.79,2.23,7.94,7.94,8.03
95.39,5.13,-2.83,5.13,-2.85,2.80,2.80,2.27,7.93,7.93,7.96
96.34,5.08,-2.88,5.08,-2.86,2.85,2.82,2.31,7.93,7.93,7.96
97.30,5.05,-2.87,5.05,-2.86,2.88,2.84,2.35,7.93,7.92,7.92
98.28,5.03,-2.83,5.02,-2.86,2.88,2.86,2.39,7.91,7.91,7.86
99.26,4.99,-2.87,4.98,-2.86,2.89,2.87,2.43,7.88,7.88,7.86
100.25,4.93,-2.88,4.93,-2.87,2.90,2.89,2.48,7.83,7.83,7.81
101.25,4.87,-2.88,4.87,-2.89,2.92,2.90,2.52,7.78,7.78,7.75
102.27,4.79,-2.90,4.79,-2.91,2.93,2.92,2.57,7.72,7.72,7.70
103.29,4.71,-2.94,4.71,-2.96,2.94,2.93,2.61,7.66,7.66,7.66
104.32,4.63,-3.01,4.63,-3.00,2.95,2.94,2.66,7.58,7.58,7.64
105.37,4.55,-3.04,4.55,-3.01,2.96,2.96,2.70,7.51,7.51,7.59
106.42,4.48,-3.00,4.48,-2.99,2.96,2.97,2.75,7.44,7.44,7.47
107.48,4.41,-2.92,4.41,-2.95,2.96,2.98,2.79,7.37,7.37,7.33
108.56,4.34,-2.94,4.34,-2.92,2.97,2.99,2.84,7.31,7.31,7.28
109.64,4.27,-2.92,4.27,-2.94,2.98,3.00,2.88,7.25,7.25,7.19
110.74,4.20,-2.96,4.20,-2.97,3.00,3.00,2.92,7.19,7.19,7.16
111.85,4.12,-3.04,4.12,-3.00,3.02,3.01,2.97,7.14,7.14,7.16
112.97,4.04,-3.03,4.04,-3.06,3.06,3.02,3.01,7.10,7.10,7.06
114.10,3.95,-3.10,3.95,-3.11,3.11,3.02,3.04,7.06,7.06,7.06
115.24,3.86,-3.18,3.86,-3.17,3.16,3.03,3.08,7.02,7.02,7.05
116.39,3.76,-3.23,3.76,-3.22,3.20,3.03,3.11,6.96,6.96,6.99
117.55,3.66,-3.24,3.67,-3.24,3.23,3.04,3.14,6.89,6.90,6.90
118.73,3.59,-3.23,3.59,-3.24,3.23,3.04,3.17,6.82,6.82,6.82
119.92,3.53,-3.24,3.52,-3.24,3.21,3.04,3.19,6.74,6.73,6.76
121.12,3.48,-3.22,3.49,-3.22,3.17,3.04,3.22,6.65,6.66,6.70
122.33,3.47,-3.17,3.48,-3.16,3.11,3.04,3.23,6.58,6.59,6.64
123.55,3.49,-3.09,3.49,-3.07,3.06,3.04,3.25,6.55,6.55,6.58
124.79,3.52,-2.96,3.52,-2.97,3.00,3.04,3.26,6.52,6.52,6.48
126.03,3.53,-2.88,3.52,-2.89,2.96,3.04,3.27,6.49,6.48,6.41
127.29,3.49,-2.85,3.49,-2.86,2.93,3.04,3.27,6.43,6.42,6.34
128.57,3.41,-2.87,3.41,-2.87,2.92,3.04,3.27,6.33,6.33,6.28
129.85,3.30,-2.92,3.30,-2.92,2.92,3.03,3.27,6.22,6.22,6.22
131.15,3.18,-2.97,3.19,-2.96,2.94,3.03,3.26,6.12,6.13,6.15
132.46,3.09,-2.99,3.09,-2.99,2.96,3.03,3.25,6.05,6.05,6.09
133.79,3.01,-3.01,3.01,-3.01,2.97,3.02,3.24,5.99,5.99,6.02
135.12,2.94,-3.01,2.94,-3.01,2.97,3.01,3.23,5.92,5.91,5.95
136.48,2.88,-3.01,2.88,-2.99,2.95,3.01,3.21,5.83,5.83,5.88
137.84,2.82,-2.95,2.83,-2.94,2.92,3.00,3.19,5.74,5.75,5.77
139.22,2.79,-2.86,2.78,-2.89,2.88,3.00,3.17,5.66,5.66,5.65
140.61,2.74,-2.84,2.74,-2.82,2.84,2.99,3.15,5.58,5.58,5.58
142.02,2.69,-2.77,2.69,-2.77,2.81,2.98,3.13,5.50,5.50,5.46
143.44,2.62,-2.72,2.61,-2.74,2.79,2.97,3.10,5.41,5.41,5.34
144.87,2.53,-2.74,2.53,-2.73,2.79,2.96,3.08,5.31,5.31,5.27
146.32,2.44,-2.76,2.44,-2.77,2.78,2.95,3.05,5.22,5.22,5.19
147.78,2.35,-2.81,2.35,-2.81,2.78,2.94,3.03,5.13,5.14,5.16
149.26,2.28,-2.86,2.29,-2.84,2.78,2.94,3.00,5.06,5.06,5.15
150.75,2.24,-2.83,2.24,-2.84,2.77,2.93,2.98,5.01,5.01,5.07
152.26,2.22,-2.80,2.22,-2.80,2.75,2.92,2.96,4.97,4.98,5.02
153.78,2.21,-2.75,2.21,-2.74,2.74,2.91,2.93,4.95,4.95,4.97
155.32,2.21,-2.68,2.21,-2.68,2.71,2.90,2.91,4.92,4.92,4.89
156.88,2.19,-2.62,2.19,-2.64,2.69,2.89,2.89,4.88,4.88,4.81
158.44,2.15,-2.61,2.15,-2.63,2.68,2.88,2.87,4.83,4.83,4.76
160.03,2.09,-2.66,2.09,-2.65,2.68,2.87,2.85,4.77,4.77,4.76
161.63,2.01,-2.69,2.01,-2.69,2.68,2.86,2.84,4.69,4.69,4.70
163.24,1.92,-2.73,1.92,-2.72,2.70,2.85,2.82,4.62,4.62,4.65
164.88,1.83,-2.74,1.83,-2.75,2.72,2.84,2.81,4.55,4.55,4.56
166.53,1.73,-2.77,1.73,-2.77,2.75,2.83,2.80,4.48,4.48,4.51
168.19,1.65,-2.80,1.65,-2.78,2.77,2.83,2.79,4.42,4.42,4.45
169.87,1.57,-2.79,1.58,-2.78,2.79,2.82,2.78,4.36,4.36,4.37
171.57,1.52,-2.76,1.52,-2.78,2.80,2.81,2.78,4.32,4.32,4.28
173.29,1.47,-2.79,1.47,-2.80,2.81,2.81,2.78,4.28,4.28,4.26
175.02,1.43,-2.83,1.43,-2.82,2.82,2.80,2.78,4.26,4.26,4.26
176.77,1.40,-2.86,1.40,-2.84,2.84,2.80,2.78,4.24,4.24,4.26
178.54,1.35,-2.85,1.35,-2.86,2.86,2.79,2.78,4.21,4.21,4.21
180.32,1.30,-2.86,1.30,-2.88,2.88,2.79,2.79,4.19,4.18,4.16
182.13,1.24,-2.92,1.24,-2.91,2.91,2.79,2.80,4.15,4.15,4.16
183.95,1.16,-2.95,1.16,-2.94,2.94,2.79,2.81,4.10,4.10,4.11
185.79,1.08,-2.96,1.08,-2.97,2.97,2.79,2.82,4.04,4.04,4.03
187.65,0.99,-2.98,0.99,-2.98,2.99,2.79,2.84,3.98,3.98,3.97
189.52,0.90,-3.00,0.91,-3.01,3.01,2.80,2.85,3.91,3.92,3.91
191.42,0.83,-3.03,0.83,-3.04,3.03,2.80,2.87,3.86,3.86,3.86
193.33,0.78,-3.08,0.78,-3.06,3.03,2.81,2.89,3.81,3.81,3.86
195.27,0.74,-3.06,0.74,-3.05,3.04,2.81,2.91,3.77,3.77,3.80
197.22,0.70,-3.02,0.69,-3.03,3.03,2.82,2.94,3.73,3.72,3.72
199.19,0.65,-3.00,0.64,-3.01,3.02,2.83,2.96,3.67,3.67,3.65
201.18,0.59,-3.00,0.59,-3.00,3.01,2.84,2.99,3.60,3.60,3.59
203.19,0.53,-2.99,0.53,-2.99,3.00,2.85,3.02,3.52,3.52,3.52
205.23,0.47,-2.98,0.48,-2.97,2.98,2.86,3.04,3.45,3.45,3.45
207.28,0.43,-2.95,0.43,-2.95,2.95,2.87,3.07,3.38,3.38,3.38
209.35,0.39,-2.92,0.39,-2.94,2.93,2.88,3.10,3.32,3.32,3.31
211.44,0.36,-2.90,0.35,-2.93,2.91,2.89,3.13,3.26,3.26,3.26
213.56,0.32,-2.94,0.32,-2.90,2.88,2.90,3.15,3.20,3.20,3.26
215.69,0.28,-2.87,0.28,-2.86,2.86,2.91,3.18,3.14,3.14,3.15
217.85,0.24,-2.79,0.24,-2.82,2.84,2.92,3.20,3.07,3.07,3.03
220.03,0.20,-2.76,0.20,-2.79,2.82,2.92,3.23,3.01,3.01,2.96
222.23,0.16,-2.80,0.16,-2.79,2.80,2.93,3.25,2.96,2.95,2.96
224.45,0.12,-2.82,0.12,-2.80,2.78,2.93,3.27,2.90,2.90,2.94
226.70,0.08,-2.79,0.08,-2.78,2.77,2.92,3.28,2.86,2.86,2.87
228.96,0.05,-2.75,0.05,-2.77,2.77,2.91,3.30,2.82,2.82,2.79
231.25,0.01,-2.75,0.01,-2.76,2.78,2.90,3.31,2.79,2.79,2.76
233.57,-0.03,-2.78,-0.03,-2.76,2.78,2.88,3.31,2.75,2.75,2.76
235.90,-0.06,-2.76,-0.06,-2.77,2.78,2.86,3.31,2.71,2.71,2.70
238.26,-0.10,-2.76,-0.10,-2.77,2.76,2.83,3.31,2.66,2.66,2.66
240.64,-0.13,-2.78,-0.13,-2.76,2.74,2.80,3.30,2.61,2.61,2.64
243.05,-0.17,-2.75,-0.17,-2.75,2.71,2.76,3.29,2.54,2.54,2.58
245.48,-0.20,-2.71,-0.20,-2.70,2.67,2.72,3.27,2.47,2.47,2.51
247.93,-0.23,-2.64,-0.23,-2.63,2.63,2.68,3.25,2.40,2.40,2.41
250.41,-0.26,-2.55,-0.26,-2.57,2.58,2.63,3.22,2.32,2.32,2.29
252.92,-0.29,-2.50,-0.29,-2.49,2.53,2.58,3.19,2.24,2.24,2.21
255.45,-0.31,-2.45,-0.31,-2.44,2.47,2.52,3.14,2.17,2.17,2.14
258.00,-0.33,-2.39,-0.33,-2.41,2.43,2.47,3.10,2.10,2.10,2.06
260.58,-0.34,-2.40,-0.34,-2.39,2.39,2.41,3.05,2.05,2.05,2.06
263.19,-0.36,-2.39,-0.36,-2.37,2.36,2.36,2.99,2.00,2.00,2.03
265.82,-0.38,-2.35,-0.38,-2.35,2.34,2.30,2.93,1.96,1.96,1.96
268.48,-0.40,-2.30,-0.41,-2.32,2.32,2.25,2.86,1.91,1.91,1.90
271.16,-0.43,-2.29,-0.43,-2.30,2.30,2.19,2.79,1.87,1.87,1.86
273.87,-0.45,-2.31,-0.45,-2.29,2.28,2.14,2.72,1.83,1.83,1.86
276.61,-0.47,-2.27,-0.47,-2.26,2.26,2.10,2.64,1.78,1.78,1.79
279.38,-0.49,-2.21,-0.49,-2.22,2.22,2.05,2.55,1.73,1.73,1.72
282.17,-0.51,-2.16,-0.51,-2.19,2.19,2.01,2.47,1.68,1.68,1.66
284.99,-0.52,-2.18,-0.52,-2.16,2.15,1.97,2.38,1.63,1.63,1.66
287.84,-0.53,-2.14,-0.53,-2.13,2.11,1.94,2.28,1.58,1.58,1.61
290.72,-0.54,-2.08,-0.54,-2.08,2.06,1.91,2.19,1.53,1.53,1.54
293.63,-0.54,-2.01,-0.54,-2.01,2.02,1.88,2.09,1.48,1.48,1.47
296.57,-0.55,-1.94,-0.55,-1.95,1.98,1.86,1.99,1.44,1.44,1.39
299.53,-0.55,-1.91,-0.55,-1.92,1.95,1.85,1.89,1.40,1.40,1.36
302.53,-0.56,-1.92,-0.56,-1.91,1.92,1.84,1.79,1.36,1.36,1.36
305.55,-0.56,-1.92,-0.56,-1.90,1.89,1.83,1.69,1.33,1.33,1.36
308.61,-0.56,-1.89,-0.56,-1.88,1.87,1.83,1.59,1.31,1.31,1.33
311.69,-0.56,-1.83,-0.56,-1.85,1.85,1.84,1.48,1.29,1.29,1.26
314.81,-0.56,-1.82,-0.56,-1.82,1.84,1.85,1.38,1.28,1.28,1.26
317.96,-0.55,-1.81,-0.55,-1.81,1.81,1.86,1.27,1.26,1.26,1.26
321.14,-0.54,-1.80,-0.54,-1.80,1.77,1.88,1.16,1.23,1.23,1.26
324.35,-0.53,-1.79,-0.53,-1.77,1.72,1.90,1.06,1.19,1.19,1.26
327.59,-0.52,-1.72,-0.52,-1.72,1.67,1.92,0.95,1.15,1.15,1.21
330.87,-0.51,-1.65,-0.51,-1.65,1.62,1.94,0.84,1.11,1.11,1.14
334.18,-0.50,-1.57,-0.50,-1.58,1.59,1.97,0.74,1.09,1.09,1.08
337.52,-0.49,-1.55,-0.49,-1.55,1.58,1.98,0.63,1.09,1.09,1.06
340.90,-0.48,-1.55,-0.48,-1.55,1.65,2.00,0.52,1.17,1.17,1.08
344.30,-0.47,-1.61,-0.47,-1.61,1.76,2.00,0.42,1.29,1.29,1.14
347.75,-0.46,-1.73,-0.46,-1.73,1.90,2.00,0.31,1.44,1.44,1.27
351.23,-0.45,-1.91,-0.45,-1.93,2.05,1.98,0.20,1.60,1.60,1.46
354.74,-0.44,-2.18,-0.44,-2.17,2.18,1.95,0.10,1.75,1.75,1.74
358.28,-0.43,-2.45,-0.43,-2.46,2.28,1.90,-0.01,1.85,1.85,2.02
361.87,-0.41,-2.68,-0.41,-2.70,2.33,1.84,-0.12,1.91,1.91,2.27
365.49,-0.40,-2.85,-0.40,-2.82,2.31,1.75,-0.22,1.91,1.91,2.45
369.14,-0.39,-2.78,-0.39,-2.75,2.21,1.64,-0.33,1.83,1.83,2.39
372.83,-0.37,-2.51,-0.37,-2.48,2.03,1.51,-0.43,1.66,1.66,2.14
376.56,-0.36,-2.05,-0.36,-2.07,1.78,1.36,-0.54,1.42,1.42,1.69
380.33,-0.34,-1.59,-0.34,-1.61,1.45,1.19,-0.65,1.11,1.11,1.25
384.13,-0.32,-1.17,-0.32,-1.17,1.09,1.00,-0.75,0.77,0.77,0.84
387.97,-0.30,-0.78,-0.30,-0.79,0.73,0.80,-0.86,0.43,0.43,0.48
391.85,-0.28,-0.44,-0.28,-0.43,0.42,0.59,-0.96,0.13,0.13,0.15
395.77,-0.26,-0.10,-0.26,-0.08,0.13,0.37,-1.07,-0.13,-0.13,-0.16
399.73,-0.25,0.21,-0.25,0.22,-0.11,0.14,-1.17,-0.35,-0.35,-0.46
403.72,-0.23,0.50,-0.23,0.45,-0.30,-0.09,-1.27,-0.53,-0.53,-0.72
407.76,-0.21,0.59,-0.21,0.59,-0.44,-0.32,-1.37,-0.65,-0.65,-0.80
411.84,-0.19,0.65,-0.19,0.65,-0.55,-0.55,-1.48,-0.74,-0.74,-0.84
415.96,-0.18,0.66,-0.18,0.66,-0.65,-0.77,-1.58,-0.82,-0.82,-0.84
420.12,-0.16,0.68,-0.16,0.67,-0.77,-0.99,-1.67,-0.93,-0.93,-0.84
424.32,-0.14,0.74,-0.15,0.73,-0.94,-1.20,-1.77,-1.09,-1.09,-0.88
428.56,-0.13,0.86,-0.13,0.92,-1.17,-1.40,-1.87,-1.30,-1.30,-0.99
432.85,-0.11,1.23,-0.11,1.25,-1.45,-1.59,-1.96,-1.56,-1.56,-1.35
437.18,-0.10,1.71,-0.10,1.71,-1.77,-1.77,-2.05,-1.87,-1.87,-1.81
441.55,-0.08,2.22,-0.08,2.21,-2.12,-1.94,-2.14,-2.20,-2.20,-2.30
445.96,-0.06,2.67,-0.06,2.63,-2.45,-2.10,-2.22,-2.52,-2.52,-2.74
450.42,-0.05,2.94,-0.05,2.94,-2.76,-2.25,-2.30,-2.80,-2.80,-2.99
454.93,-0.03,3.13,-0.03,3.13,-3.00,-2.38,-2.38,-3.03,-3.03,-3.16
459.48,-0.01,3.22,-0.01,3.22,-3.17,-2.51,-2.45,-3.18,-3.18,-3.23
464.07,0.00,3.25,0.00,3.25,-3.25,-2.62,-2.52,-3.25,-3.25,-3.24
468.71,0.02,3.24,0.02,3.23,-3.27,-2.72,-2.59,-3.25,-3.25,-3.22
473.40,0.04,3.19,0.04,3.19,-3.23,-2.81,-2.65,-3.20,-3.20,-3.15
478.13,0.05,3.14,0.05,3.14,-3.17,-2.89,-2.70,-3.12,-3.12,-3.08
482.91,0.07,3.08,0.07,3.09,-3.09,-2.96,-2.75,-3.02,-3.02,-3.01
487.74,0.08,3.03,0.08,3.03,-3.01,-3.02,-2.80,-2.93,-2.93,-2.94
492.62,0.09,2.97,0.09,2.95,-2.94,-3.07,-2.83,-2.85,-2.85,-2.88
497.55,0.10,2.87,0.10,2.86,-2.88,-3.11,-2.87,-2.78,-2.78,-2.77
502.52,0.11,2.75,0.11,2.79,-2.84,-3.15,-2.89,-2.73,-2.73,-2.64
507.55,0.12,2.76,0.12,2.75,-2.80,-3.18,-2.92,-2.68,-2.68,-2.64
512.62,0.12,2.76,0.12,2.75,-2.77,-3.20,-2.93,-2.64,-2.64,-2.64
517.75,0.13,2.77,0.13,2.77,-2.75,-3.22,-2.94,-2.62,-2.62,-2.64
522.93,0.13,2.77,0.13,2.77,-2.74,-3.23,-2.95,-2.61,-2.61,-2.64
528.16,0.13,2.77,0.13,2.77,-2.74,-3.24,-2.95,-2.61,-2.61,-2.64
533.44,0.12,2.76,0.12,2.76,-2.75,-3.24,-2.94,-2.63,-2.63,-2.64
538.77,0.12,2.76,0.12,2.75,-2.77,-3.24,-2.93,-2.65,-2.65,-2.64
544.16,0.11,2.75,0.11,2.76,-2.79,-3.24,-2.92,-2.68,-2.68,-2.64
549.60,0.11,2.78,0.11,2.80,-2.82,-3.23,-2.90,-2.71,-2.71,-2.67
555.10,0.11,2.85,0.11,2.85,-2.85,-3.22,-2.88,-2.74,-2.74,-2.74
560.65,0.11,2.92,0.11,2.90,-2.89,-3.22,-2.86,-2.78,-2.78,-2.81
566.25,0.12,2.96,0.12,2.95,-2.93,-3.21,-2.84,-2.82,-2.82,-2.84
571.92,0.12,2.96,0.12,2.99,-2.98,-3.20,-2.81,-2.86,-2.86,-2.84
577.64,0.13,3.04,0.13,3.03,-3.03,-3.19,-2.78,-2.90,-2.90,-2.91
583.41,0.14,3.08,0.14,3.08,-3.08,-3.18,-2.75,-2.93,-2.93,-2.94
589.25,0.15,3.11,0.15,3.13,-3.12,-3.17,-2.71,-2.97,-2.97,-2.96
595.14,0.16,3.18,0.16,3.16,-3.17,-3.16,-2.68,-3.01,-3.01,-3.02
601.09,0.17,3.21,0.17,3.20,-3.22,-3.15,-2.65,-3.06,-3.06,-3.04
607.10,0.17,3.23,0.17,3.25,-3.27,-3.14,-2.61,-3.10,-3.10,-3.06
613.17,0.17,3.30,0.17,3.31,-3.32,-3.13,-2.58,-3.14,-3.14,-3.13
619.30,0.18,3.38,0.18,3.36,-3.35,-3.13,-2.54,-3.17,-3.17,-3.20
625.50,0.17,3.42,0.17,3.41,-3.37,-3.12,-2.51,-3.19,-3.19,-3.24
631.75,0.17,3.41,0.17,3.42,-3.38,-3.12,-2.48,-3.21,-3.21,-3.24
638.07,0.17,3.41,0.17,3.40,-3.38,-3.11,-2.44,-3.21,-3.21,-3.24
644.45,0.17,3.38,0.17,3.37,-3.37,-3.11,-2.41,-3.20,-3.20,-3.21
650.89,0.16,3.31,0.16,3.33,-3.35,-3.11,-2.38,-3.19,-3.19,-3.14
657.40,0.16,3.30,0.16,3.30,-3.32,-3.11,-2.36,-3.17,-3.17,-3.14
663.98,0.15,3.29,0.15,3.28,-3.30,-3.12,-2.33,-3.15,-3.15,-3.14
670.62,0.14,3.28,0.14,3.28,-3.28,-3.12,-2.30,-3.14,-3.14,-3.14
677.32,0.13,3.27,0.13,3.26,-3.27,-3.12,-2.28,-3.14,-3.14,-3.14
684.10,0.11,3.26,0.11,3.26,-3.27,-3.13,-2.26,-3.16,-3.16,-3.14
690.94,0.10,3.25,0.10,3.27,-3.28,-3.13,-2.24,-3.18,-3.18,-3.15
697.85,0.09,3.31,0.09,3.29,-3.30,-3.14,-2.22,-3.21,-3.21,-3.22
704.83,0.08,3.32,0.08,3.32,-3.32,-3.14,-2.20,-3.24,-3.24,-3.24
711.87,0.06,3.32,0.06,3.35,-3.33,-3.15,-2.19,-3.27,-3.27,-3.26
718.99,0.05,3.38,0.05,3.36,-3.34,-3.15,-2.18,-3.30,-3.30,-3.33
726.18,0.04,3.38,0.04,3.37,-3.35,-3.16,-2.16,-3.32,-3.32,-3.34
733.44,0.02,3.36,0.02,3.37,-3.36,-3.16,-2.15,-3.33,-3.33,-3.34
740.78,0.01,3.35,0.01,3.35,-3.35,-3.16,-2.15,-3.35,-3.34,-3.34
748.19,-0.00,3.34,-0.00,3.34,-3.35,-3.17,-2.14,-3.35,-3.35,-3.34
755.67,-0.02,3.32,-0.02,3.32,-3.34,-3.17,-2.14,-3.35,-3.35,-3.34
763.23,-0.03,3.31,-0.03,3.31,-3.32,-3.17,-2.14,-3.35,-3.35,-3.34
770.86,-0.04,3.30,-0.04,3.30,-3.31,-3.16,-2.13,-3.35,-3.35,-3.34
778.57,-0.06,3.28,-0.06,3.29,-3.29,-3.16,-2.13,-3.34,-3.34,-3.34
786.35,-0.07,3.27,-0.07,3.28,-3.26,-3.15,-2.14,-3.33,-3.33,-3.34
794.22,-0.08,3.26,-0.08,3.24,-3.23,-3.14,-2.14,-3.31,-3.31,-3.34
802.16,-0.09,3.20,-0.09,3.21,-3.20,-3.12,-2.14,-3.29,-3.29,-3.29
810.18,-0.10,3.14,-0.10,3.17,-3.16,-3.11,-2.15,-3.26,-3.25,-3.24
818.28,-0.11,3.13,-0.11,3.12,-3.11,-3.09,-2.15,-3.22,-3.22,-3.24
826.46,-0.12,3.07,-0.12,3.06,-3.06,-3.06,-2.16,-3.17,-3.17,-3.19
834.73,-0.13,2.99,-0.13,3.00,-3.00,-3.04,-2.16,-3.13,-3.13,-3.12
843.08,-0.13,2.92,-0.13,2.94,-2.95,-3.01,-2.17,-3.09,-3.09,-3.05
851.51,-0.14,2.90,-0.14,2.89,-2.90,-2.97,-2.18,-3.04,-3.04,-3.04
860.02,-0.14,2.87,-0.14,2.85,-2.86,-2.94,-2.18,-3.00,-3.00,-3.01
868.62,-0.15,2.80,-0.15,2.82,-2.82,-2.89,-2.19,-2.97,-2.97,-2.94
877.31,-0.15,2.79,-0.15,2.78,-2.79,-2.85,-2.19,-2.93,-2.93,-2.94
886.08,-0.15,2.76,-0.15,2.75,-2.75,-2.80,-2.19,-2.90,-2.90,-2.91
894.94,-0.15,2.69,-0.15,2.72,-2.72,-2.75,-2.20,-2.86,-2.86,-2.84
903.89,-0.14,2.70,-0.14,2.69,-2.68,-2.69,-2.20,-2.82,-2.82,-2.84
912.93,-0.14,2.66,-0.14,2.65,-2.63,-2.63,-2.20,-2.77,-2.77,-2.80
922.06,-0.13,2.60,-0.13,2.60,-2.59,-2.57,-2.19,-2.72,-2.72,-2.73
931.28,-0.12,2.54,-0.12,2.54,-2.54,-2.51,-2.18,-2.67,-2.67,-2.66
940.59,-0.11,2.48,-0.11,2.48,-2.49,-2.44,-2.17,-2.61,-2.61,-2.59
950.00,-0.10,2.42,-0.10,2.42,-2.44,-2.37,-2.16,-2.54,-2.54,-2.53
959.50,-0.09,2.37,-0.09,2.37,-2.38,-2.30,-2.14,-2.47,-2.47,-2.45
969.09,-0.07,2.31,-0.07,2.32,-2.32,-2.22,-2.13,-2.39,-2.39,-2.38
978.78,-0.05,2.27,-0.05,2.27,-2.26,-2.15,-2.10,-2.31,-2.31,-2.32
988.57,-0.03,2.22,-0.03,2.20,-2.19,-2.07,-2.08,-2.22,-2.22,-2.25
998.46,-0.00,2.12,-0.00,2.13,-2.12,-1.99,-2.05,-2.13,-2.13,-2.12
1008.44,0.02,2.03,0.02,2.05,-2.05,-1.91,-2.01,-2.03,-2.03,-2.01
1018.53,0.05,1.99,0.05,1.97,-1.96,-1.83,-1.97,-1.91,-1.91,-1.94
1028.71,0.08,1.88,0.08,1.88,-1.87,-1.74,-1.93,-1.79,-1.79,-1.80
1039.00,0.11,1.77,0.11,1.78,-1.77,-1.66,-1.89,-1.66,-1.66,-1.66
1049.39,0.14,1.67,0.14,1.67,-1.68,-1.57,-1.84,-1.53,-1.53,-1.52
1059.88,0.18,1.57,0.18,1.57,-1.58,-1.49,-1.78,-1.40,-1.40,-1.39
1070.48,0.22,1.47,0.22,1.46,-1.48,-1.40,-1.73,-1.26,-1.26,-1.25
1081.19,0.25,1.37,0.25,1.37,-1.39,-1.31,-1.67,-1.13,-1.13,-1.11
1092.00,0.29,1.27,0.29,1.30,-1.30,-1.22,-1.61,-1.01,-1.01,-0.98
1102.92,0.33,1.22,0.33,1.21,-1.22,-1.13,-1.54,-0.88,-0.88,-0.89
1113.95,0.37,1.16,0.37,1.12,-1.13,-1.04,-1.47,-0.76,-0.76,-0.79
1125.09,0.42,0.99,0.42,1.04,-1.04,-0.95,-1.40,-0.62,-0.62,-0.58
1136.34,0.46,0.94,0.46,0.96,-0.94,-0.85,-1.32,-0.48,-0.48,-0.48
1147.70,0.51,0.89,0.51,0.87,-0.84,-0.76,-1.25,-0.33,-0.33,-0.39
1159.18,0.55,0.80,0.55,0.76,-0.72,-0.66,-1.17,-0.17,-0.17,-0.25
1170.77,0.60,0.58,0.60,0.61,-0.60,-0.57,-1.09,-0.00,-0.00,0.01
1182.48,0.64,0.42,0.64,0.46,-0.48,-0.47,-1.01,0.17,0.17,0.22
1194.30,0.69,0.33,0.69,0.32,-0.36,-0.37,-0.92,0.34,0.34,0.36
1206.25,0.74,0.24,0.74,0.22,-0.24,-0.26,-0.84,0.51,0.51,0.50
1218.31,0.79,0.11,0.79,0.10,-0.12,-0.16,-0.75,0.67,0.67,0.68
1230.49,0.84,-0.04,0.84,-0.01,0.00,-0.05,-0.66,0.84,0.84,0.88
1242.80,0.89,-0.12,0.89,-0.12,0.12,0.06,-0.57,1.01,1.01,1.01
1255.22,0.94,-0.21,0.94,-0.22,0.24,0.17,-0.49,1.18,1.18,1.15
1267.78,1.00,-0.31,1.00,-0.32,0.36,0.29,-0.40,1.35,1.35,1.31
1280.45,1.05,-0.46,1.05,-0.46,0.48,0.40,-0.30,1.53,1.53,1.52
1293.26,1.11,-0.61,1.11,-0.61,0.61,0.53,-0.21,1.72,1.72,1.72
1306.19,1.17,-0.76,1.17,-0.76,0.74,0.65,-0.12,1.91,1.90,1.93
1319.25,1.23,-0.90,1.23,-0.88,0.87,0.77,-0.03,2.10,2.10,2.13
1332.45,1.29,-0.99,1.29,-0.99,1.00,0.90,0.07,2.29,2.29,2.28
1345.77,1.35,-1.09,1.35,-1.11,1.12,1.03,0.16,2.48,2.48,2.45
1359.23,1.42,-1.23,1.42,-1.23,1.24,1.16,0.26,2.66,2.66,2.65
1372.82,1.48,-1.38,1.48,-1.36,1.34,1.28,0.35,2.83,2.83,2.86
1386.55,1.55,-1.48,1.55,-1.47,1.44,1.40,0.45,2.99,2.99,3.03
1400.41,1.62,-1.55,1.62,-1.56,1.54,1.52,0.54,3.16,3.16,3.17
1414.42,1.69,-1.62,1.69,-1.62,1.63,1.63,0.64,3.32,3.32,3.31
1428.56,1.76,-1.68,1.76,-1.69,1.72,1.73,0.74,3.48,3.48,3.44
1442.85,1.84,-1.76,1.84,-1.78,1.80,1.83,0.84,3.64,3.64,3.60
1457.28,1.91,-1.89,1.91,-1.87,1.87,1.91,0.94,3.79,3.79,3.81
1471.85,1.99,-1.97,1.99,-1.96,1.94,1.98,1.03,3.93,3.93,3.96
1486.57,2.07,-2.02,2.07,-2.03,2.01,2.04,1.13,4.08,4.08,4.09
1501.43,2.15,-2.08,2.15,-2.08,2.08,2.10,1.23,4.23,4.23,4.23
1516.45,2.24,-2.14,2.24,-2.14,2.14,2.14,1.34,4.38,4.38,4.37
1531.61,2.32,-2.19,2.32,-2.19,2.20,2.18,1.44,4.52,4.52,4.51
1546.93,2.41,-2.24,2.41,-2.24,2.25,2.21,1.54,4.66,4.66,4.65
1562.40,2.50,-2.28,2.50,-2.28,2.29,2.24,1.64,4.79,4.79,4.78
1578.02,2.59,-2.33,2.59,-2.33,2.32,2.26,1.74,4.91,4.91,4.92
1593.80,2.69,-2.37,2.69,-2.37,2.35,2.29,1.84,5.04,5.04,5.06
1609.74,2.78,-2.41,2.78,-2.40,2.38,2.32,1.94,5.16,5.16,5.20
1625.84,2.88,-2.42,2.88,-2.41,2.41,2.35,2.04,5.29,5.29,5.30
1642.10,2.98,-2.40,2.98,-2.42,2.43,2.38,2.14,5.41,5.41,5.38
1658.52,3.08,-2.44,3.08,-2.44,2.46,2.42,2.24,5.53,5.53,5.51
1675.10,3.18,-2.48,3.18,-2.47,2.48,2.45,2.34,5.66,5.66,5.65
1691.85,3.28,-2.51,3.28,-2.51,2.51,2.49,2.43,5.78,5.78,5.79
1708.77,3.38,-2.55,3.38,-2.55,2.54,2.53,2.53,5.92,5.92,5.93
1725.86,3.48,-2.59,3.48,-2.59,2.59,2.57,2.62,6.06,6.06,6.06
1743.12,3.58,-2.62,3.58,-2.62,2.63,2.62,2.71,6.21,6.21,6.20
1760.55,3.68,-2.66,3.68,-2.66,2.68,2.67,2.80,6.35,6.35,6.34
1778.15,3.78,-2.70,3.78,-2.72,2.72,2.71,2.88,6.50,6.50,6.48
1795.94,3.88,-2.76,3.88,-2.78,2.77,2.76,2.96,6.64,6.64,6.64
1813.90,3.98,-2.87,3.98,-2.82,2.80,2.80,3.03,6.78,6.78,6.85
1832.03,4.08,-2.85,4.08,-2.85,2.84,2.85,3.10,6.92,6.92,6.92
1850.36,4.18,-2.85,4.18,-2.87,2.87,2.89,3.16,7.05,7.05,7.03
1868.86,4.28,-2.89,4.28,-2.89,2.89,2.93,3.22,7.17,7.17,7.17
1887.55,4.38,-2.92,4.38,-2.90,2.91,2.97,3.27,7.29,7.29,7.30
1906.42,4.48,-2.92,4.48,-2.92,2.92,3.01,3.32,7.40,7.40,7.40
1925.49,4.58,-2.90,4.58,-2.92,2.92,3.04,3.36,7.51,7.51,7.48
1944.74,4.68,-2.93,4.68,-2.91,2.93,3.07,3.39,7.61,7.61,7.61
1964.19,4.78,-2.93,4.78,-2.92,2.93,3.10,3.41,7.71,7.71,7.71
1983.83,4.88,-2.91,4.88,-2.94,2.93,3.12,3.43,7.81,7.81,7.79
2003.67,4.98,-2.95,4.98,-2.94,2.92,3.13,3.44,7.90,7.90,7.93
2023.71,5.07,-2.94,5.07,-2.93,2.91,3.14,3.44,7.99,7.99,8.01
2043.94,5.17,-2.92,5.17,-2.92,2.90,3.14,3.44,8.07,8.07,8.08
2064.38,5.26,-2.89,5.26,-2.89,2.90,3.14,3.42,8.16,8.16,8.15
2085.03,5.35,-2.87,5.35,-2.86,2.89,3.13,3.40,8.24,8.24,8.22
2105.88,5.44,-2.84,5.44,-2.85,2.88,3.12,3.37,8.32,8.32,8.29
2126.94,5.53,-2.82,5.53,-2.85,2.86,3.10,3.34,8.40,8.40,8.36
2148.20,5.62,-2.87,5.62,-2.87,2.85,3.07,3.30,8.47,8.47,8.50
2169.69,5.71,-2.88,5.71,-2.87,2.83,3.04,3.25,8.54,8.54,8.60
2191.38,5.80,-2.86,5.80,-2.84,2.81,3.00,3.20,8.61,8.61,8.66
2213.30,5.89,-2.77,5.89,-2.79,2.80,2.96,3.14,8.68,8.68,8.66
2235.43,5.97,-2.73,5.97,-2.74,2.77,2.91,3.08,8.75,8.75,8.70
2257.78,6.06,-2.71,6.06,-2.71,2.74,2.85,3.01,8.80,8.80,8.77
2280.36,6.14,-2.70,6.14,-2.70,2.70,2.79,2.94,8.84,8.84,8.84
2303.17,6.22,-2.69,6.22,-2.68,2.66,2.73,2.87,8.88,8.88,8.91
2326.20,6.30,-2.66,6.30,-2.64,2.62,2.66,2.79,8.92,8.92,8.96
2349.46,6.39,-2.57,6.39,-2.57,2.57,2.59,2.71,8.96,8.96,8.96
2372.95,6.47,-2.49,6.47,-2.51,2.52,2.51,2.63,8.99,8.99,8.96
2396.68,6.55,-2.43,6.55,-2.44,2.46,2.44,2.55,9.01,9.01,8.98
2420.65,6.64,-2.41,6.64,-2.39,2.38,2.35,2.47,9.02,9.02,9.05
2444.86,6.73,-2.33,6.73,-2.32,2.30,2.27,2.38,9.03,9.03,9.06
2469.31,6.83,-2.23,6.83,-2.24,2.22,2.18,2.30,9.05,9.05,9.06
2494.00,6.92,-2.14,6.92,-2.14,2.14,2.09,2.21,9.06,9.06,9.06
2518.94,7.02,-2.04,7.02,-2.03,2.06,2.00,2.13,9.08,9.08,9.06
2544.13,7.12,-1.94,7.12,-1.95,1.98,1.91,2.04,9.09,9.09,9.06
2569.57,7.21,-1.85,7.21,-1.88,1.89,1.81,1.96,9.10,9.10,9.07
2595.27,7.31,-1.83,7.31,-1.82,1.80,1.71,1.87,9.10,9.10,9.14
2621.22,7.40,-1.75,7.40,-1.74,1.70,1.61,1.79,9.11,9.11,9.16
2647.43,7.50,-1.65,7.50,-1.64,1.61,1.51,1.71,9.11,9.11,9.14
2673.90,7.58,-1.49,7.58,-1.51,1.52,1.41,1.63,9.10,9.10,9.07
2700.64,7.67,-1.39,7.67,-1.40,1.43,1.31,1.55,9.10,9.10,9.06
2727.65,7.75,-1.30,7.75,-1.30,1.34,1.20,1.46,9.09,9.09,9.06
2754.93,7.84,-1.22,7.84,-1.22,1.24,1.09,1.39,9.08,9.08,9.06
2782.48,7.92,-1.13,7.92,-1.13,1.13,0.98,1.31,9.06,9.06,9.06
2810.30,8.02,-1.04,8.02,-1.04,1.03,0.87,1.23,9.05,9.05,9.06
2838.40,8.13,-0.93,8.13,-0.93,0.91,0.75,1.15,9.04,9.04,9.06
2866.79,8.26,-0.80,8.26,-0.80,0.78,0.63,1.08,9.04,9.04,9.06
2895.46,8.40,-0.66,8.41,-0.65,0.63,0.51,1.00,9.03,9.03,9.06
2924.41,8.58,-0.48,8.58,-0.48,0.46,0.39,0.93,9.04,9.04,9.06
2953.65,8.77,-0.29,8.77,-0.29,0.27,0.26,0.86,9.04,9.04,9.06
2983.19,8.98,-0.08,8.98,-0.08,0.07,0.14,0.79,9.05,9.05,9.06
3013.02,9.19,0.13,9.19,0.13,-0.13,0.01,0.72,9.05,9.05,9.06
3043.15,9.39,0.33,9.38,0.34,-0.33,-0.13,0.65,9.06,9.05,9.06
3073.58,9.56,0.55,9.56,0.55,-0.52,-0.26,0.58,9.04,9.04,9.01
3104.32,9.71,0.75,9.71,0.73,-0.69,-0.40,0.51,9.02,9.02,8.96
3135.36,9.83,0.87,9.83,0.87,-0.84,-0.54,0.45,8.99,8.99,8.96
3166.72,9.92,0.96,9.92,0.98,-0.97,-0.67,0.38,8.95,8.95,8.96
3198.38,10.00,1.06,9.99,1.07,-1.07,-0.81,0.31,8.92,8.92,8.93
3230.37,10.04,1.17,10.04,1.15,-1.16,-0.94,0.25,8.88,8.89,8.87
3262.67,10.07,1.22,10.07,1.23,-1.22,-1.06,0.19,8.85,8.85,8.86
3295.30,10.09,1.26,10.09,1.28,-1.27,-1.18,0.13,8.82,8.82,8.83
3328.25,10.10,1.34,10.10,1.31,-1.32,-1.29,0.07,8.78,8.78,8.76
3361.53,10.09,1.33,10.09,1.34,-1.35,-1.38,0.01,8.74,8.74,8.76
3395.15,10.08,1.36,10.08,1.37,-1.39,-1.46,-0.05,8.69,8.69,8.72
3429.10,10.05,1.40,10.06,1.40,-1.42,-1.53,-0.11,8.64,8.64,8.65
3463.39,10.02,1.44,10.02,1.44,-1.44,-1.58,-0.17,8.58,8.58,8.58
3498.03,9.98,1.47,9.98,1.47,-1.46,-1.61,-0.22,8.52,8.52,8.51
3533.01,9.93,1.49,9.93,1.49,-1.47,-1.63,-0.28,8.46,8.46,8.45
3568.34,9.87,1.49,9.87,1.49,-1.48,-1.63,-0.33,8.39,8.39,8.38
3604.02,9.80,1.49,9.80,1.49,-1.48,-1.61,-0.38,8.32,8.32,8.31
3640.06,9.71,1.48,9.71,1.47,-1.47,-1.58,-0.43,8.25,8.25,8.24
3676.46,9.62,1.45,9.62,1.45,-1.46,-1.54,-0.48,8.17,8.17,8.17
3713.22,9.53,1.43,9.53,1.43,-1.44,-1.49,-0.53,8.09,8.09,8.10
3750.36,9.44,1.40,9.44,1.41,-1.42,-1.43,-0.57,8.02,8.02,8.03
3787.86,9.36,1.40,9.36,1.40,-1.40,-1.37,-0.62,7.96,7.95,7.96
3825.74,9.29,1.40,9.30,1.39,-1.39,-1.30,-0.66,7.90,7.90,7.89
3864.00,9.25,1.39,9.26,1.39,-1.39,-1.23,-0.70,7.86,7.86,7.86
3902.64,9.24,1.38,9.24,1.38,-1.40,-1.16,-0.74,7.84,7.84,7.86
3941.66,9.24,1.38,9.24,1.38,-1.41,-1.10,-0.78,7.83,7.83,7.86
3981.08,9.25,1.39,9.25,1.40,-1.42,-1.04,-0.81,7.83,7.83,7.86
4020.89,9.28,1.42,9.28,1.43,-1.43,-0.97,-0.84,7.85,7.85,7.86
4061.10,9.31,1.46,9.31,1.44,-1.42,-0.92,-0.87,7.89,7.89,7.86
4101.71,9.35,1.44,9.35,1.44,-1.41,-0.86,-0.90,7.94,7.94,7.91
4142.73,9.38,1.41,9.38,1.41,-1.38,-0.81,-0.93,8.00,8.00,7.97
4184.15,9.41,1.37,9.41,1.35,-1.34,-0.77,-0.96,8.07,8.07,8.04
4226.00,9.43,1.27,9.43,1.28,-1.28,-0.72,-0.98,8.15,8.16,8.16
4268.26,9.45,1.17,9.45,1.19,-1.20,-0.68,-1.01,8.25,8.25,8.28
4310.94,9.46,1.11,9.46,1.08,-1.10,-0.65,-1.03,8.36,8.35,8.35
4354.05,9.46,0.98,9.46,0.99,-0.99,-0.62,-1.05,8.47,8.47,8.48
4397.59,9.44,0.86,9.45,0.87,-0.86,-0.59,-1.07,8.58,8.58,8.59
4441.56,9.42,0.77,9.42,0.74,-0.73,-0.56,-1.09,8.70,8.69,8.66
4485.98,9.38,0.59,9.38,0.60,-0.58,-0.54,-1.11,8.80,8.80,8.79
4530.84,9.33,0.44,9.33,0.44,-0.42,-0.52,-1.13,8.91,8.91,8.89
4576.15,9.26,0.29,9.26,0.26,-0.26,-0.50,-1.15,9.00,9.00,8.97
4621.91,9.17,0.07,9.17,0.08,-0.09,-0.49,-1.17,9.08,9.08,9.11
4668.13,9.06,-0.10,9.06,-0.08,0.09,-0.48,-1.19,9.15,9.15,9.16
4714.81,8.93,-0.23,8.93,-0.24,0.26,-0.47,-1.20,9.19,9.19,9.16
4761.96,8.79,-0.37,8.79,-0.39,0.42,-0.46,-1.22,9.20,9.20,9.16
4809.58,8.62,-0.54,8.62,-0.54,0.55,-0.45,-1.24,9.17,9.17,9.16
4857.67,8.44,-0.68,8.44,-0.66,0.65,-0.45,-1.26,9.09,9.09,9.12
4906.25,8.25,-0.74,8.25,-0.74,0.69,-0.45,-1.28,8.94,8.94,8.99
4955.31,8.04,-0.75,8.04,-0.75,0.69,-0.45,-1.31,8.74,8.74,8.79
5004.87,7.83,-0.71,7.83,-0.70,0.63,-0.45,-1.33,8.46,8.46,8.54
5054.91,7.60,-0.59,7.60,-0.58,0.52,-0.45,-1.35,8.12,8.12,8.19
5105.46,7.38,-0.41,7.38,-0.41,0.35,-0.46,-1.38,7.73,7.73,7.78
5156.52,7.15,-0.19,7.15,-0.18,0.14,-0.47,-1.40,7.30,7.30,7.34
5208.08,6.93,0.07,6.93,0.08,-0.08,-0.47,-1.43,6.85,6.85,6.86
5260.16,6.71,0.34,6.71,0.32,-0.29,-0.48,-1.46,6.43,6.43,6.38
5312.77,6.51,0.54,6.51,0.54,-0.47,-0.49,-1.49,6.04,6.04,5.97
5365.89,6.32,0.69,6.32,0.69,-0.61,-0.51,-1.52,5.71,5.71,5.63
5419.55,6.14,0.79,6.15,0.77,-0.68,-0.52,-1.56,5.46,5.47,5.35
5473.75,5.99,0.78,5.99,0.78,-0.69,-0.54,-1.59,5.30,5.30,5.21
5528.49,5.86,0.70,5.87,0.71,-0.65,-0.56,-1.63,5.21,5.22,5.16
5583.77,5.75,0.60,5.76,0.58,-0.56,-0.58,-1.67,5.20,5.21,5.16
5639.61,5.68,0.42,5.69,0.42,-0.44,-0.60,-1.71,5.24,5.24,5.26
5696.00,5.61,0.23,5.63,0.27,-0.32,-0.62,-1.76,5.30,5.31,5.38
5752.96,5.59,0.14,5.61,0.14,-0.21,-0.64,-1.80,5.38,5.39,5.45
5810.49,5.57,0.06,5.60,0.08,-0.13,-0.67,-1.85,5.44,5.47,5.52
5868.60,5.59,0.03,5.62,0.06,-0.10,-0.70,-1.90,5.49,5.52,5.56
5927.28,5.62,0.06,5.66,0.08,-0.11,-0.73,-1.96,5.51,5.55,5.56
5986.56,5.67,0.11,5.72,0.15,-0.17,-0.77,-2.01,5.50,5.55,5.56
6046.42,5.74,0.21,5.80,0.27,-0.28,-0.80,-2.07,5.46,5.53,5.52
6106.89,5.82,0.36,5.91,0.42,-0.42,-0.84,-2.13,5.40,5.48,5.46
6167.96,5.92,0.53,6.03,0.60,-0.60,-0.89,-2.19,5.32,5.43,5.39
6229.64,6.04,0.72,6.17,0.80,-0.80,-0.93,-2.26,5.24,5.37,5.32
6291.93,6.17,0.92,6.32,1.01,-1.02,-0.98,-2.32,5.15,5.30,5.25
6354.85,6.32,1.13,6.49,1.24,-1.24,-1.03,-2.39,5.07,5.25,5.18
6418.40,6.47,1.36,6.67,1.47,-1.47,-1.09,-2.46,5.00,5.20,5.11
6482.58,6.64,1.60,6.85,1.70,-1.69,-1.15,-2.53,4.95,5.16,5.04
6547.41,6.82,1.84,7.04,1.91,-1.90,-1.22,-2.61,4.92,5.14,4.97
6612.88,7.00,2.04,7.21,2.11,-2.09,-1.29,-2.68,4.92,5.13,4.96
6679.01,7.21,2.25,7.38,2.28,-2.25,-1.37,-2.76,4.96,5.13,4.96
6745.80,7.44,2.48,7.53,2.41,-2.39,-1.45,-2.84,5.04,5.14,4.96
6813.26,7.68,2.66,7.65,2.53,-2.51,-1.54,-2.92,5.17,5.15,5.02
6881.39,7.93,2.84,7.73,2.62,-2.60,-1.64,-2.99,5.33,5.14,5.09
6950.21,8.17,3.01,7.77,2.68,-2.67,-1.75,-3.07,5.50,5.10,5.16
7019.71,8.39,3.16,7.75,2.73,-2.73,-1.86,-3.15,5.66,5.02,5.23
7089.91,8.60,3.31,7.70,2.78,-2.79,-1.98,-3.22,5.81,4.91,5.30
7160.81,8.81,3.45,7.63,2.83,-2.85,-2.11,-3.30,5.96,4.78,5.36
7232.41,9.04,3.61,7.55,2.89,-2.92,-2.25,-3.36,6.12,4.63,5.43
7304.74,9.29,3.78,7.45,2.97,-2.99,-2.40,-3.43,6.29,4.46,5.50
7377.79,9.57,4.01,7.36,3.06,-3.08,-2.57,-3.49,6.49,4.28,5.56
7451.56,9.89,4.34,7.26,3.16,-3.17,-2.73,-3.55,6.72,4.09,5.56
7526.08,10.26,4.70,7.16,3.27,-3.27,-2.92,-3.60,6.99,3.89,5.56
7601.34,10.68,5.12,7.06,3.38,-3.37,-3.11,-3.64,7.30,3.68,5.56
7677.35,11.16,5.60,6.95,3.48,-3.48,-3.31,-3.68,7.69,3.47,5.56
7754.13,11.67,6.17,6.84,3.58,-3.57,-3.51,-3.71,8.10,3.27,5.50
7831.67,12.23,6.82,6.72,3.67,-3.66,-3.72,-3.72,8.57,3.06,5.41
7909.98,12.77,7.50,6.60,3.75,-3.74,-3.92,-3.73,9.03,2.86,5.27
7989.08,13.27,8.14,6.47,3.82,-3.81,-4.12,-3.73,9.46,2.65,5.13
8068.98,13.63,8.63,6.33,3.88,-3.87,-4.31,-3.72,9.75,2.46,4.99
8149.67,13.85,9.00,6.19,3.93,-3.93,-4.46,-3.70,9.93,2.26,4.85
8231.16,13.90,9.32,6.05,3.98,-3.98,-4.61,-3.67,9.92,2.08,4.58
8313.47,13.67,9.36,5.92,4.02,-4.03,-4.69,-3.62,9.64,1.89,4.30
8396.61,13.28,9.27,5.79,4.07,-4.07,-4.77,-3.58,9.21,1.72,4.01
8480.57,12.62,9.02,5.67,4.11,-4.12,-4.75,-3.51,8.50,1.56,3.60
8565.38,11.76,8.53,5.57,4.16,-4.17,-4.74,-3.45,7.60,1.40,3.23
8651.03,10.78,7.91,5.47,4.21,-4.22,-4.63,-3.37,6.56,1.25,2.87
8737.54,9.69,7.24,5.38,4.26,-4.27,-4.53,-3.29,5.42,1.11,2.46
8824.92,8.54,6.55,5.30,4.32,-4.32,-4.35,-3.20,4.22,0.98,1.99
8913.17,7.39,5.84,5.23,4.37,-4.37,-4.18,-3.11,3.02,0.86,1.55
9002.30,6.25,5.05,5.16,4.42,-4.42,-3.96,-3.01,1.84,0.74,1.21
9092.32,5.20,4.40,5.09,4.46,-4.46,-3.75,-2.90,0.75,0.64,0.80
9183.25,4.23,3.78,5.02,4.49,-4.48,-3.52,-2.80,-0.25,0.54,0.45
9275.08,3.33,3.16,4.95,4.51,-4.50,-3.30,-2.69,-1.17,0.45,0.17
9367.83,2.52,2.63,4.87,4.51,-4.50,-3.08,-2.58,-1.98,0.37,-0.11
9461.51,1.81,2.16,4.78,4.50,-4.48,-2.87,-2.47,-2.67,0.30,-0.35
9556.12,1.17,1.73,4.69,4.47,-4.46,-2.67,-2.36,-3.28,0.23,-0.55
9651.68,0.60,1.36,4.60,4.42,-4.42,-2.47,-2.25,-3.82,0.18,-0.76
9748.20,0.08,0.96,4.50,4.37,-4.37,-2.30,-2.14,-4.29,0.13,-0.88
9845.68,-0.36,0.58,4.40,4.31,-4.32,-2.13,-2.03,-4.68,0.08,-0.94
9944.14,-0.77,0.17,4.30,4.25,-4.26,-1.98,-1.92,-5.03,0.04,-0.94
10043.58,-1.14,-0.24,4.20,4.19,-4.20,-1.83,-1.81,-5.33,0.00,-0.89
10144.02,-1.47,-0.63,4.01,4.13,-4.13,-1.70,-1.71,-5.60,-0.12,-0.84
10245.46,-1.76,-0.92,3.81,4.06,-4.06,-1.57,-1.60,-5.82,-0.25,-0.84
10347.91,-2.02,-1.18,3.61,3.99,-3.99,-1.46,-1.50,-6.01,-0.38,-0.84
10451.39,-2.27,-1.38,3.41,3.91,-3.91,-1.35,-1.40,-6.18,-0.51,-0.89
10555.91,-2.49,-1.46,3.20,3.83,-3.83,-1.26,-1.30,-6.32,-0.64,-1.03
10661.46,-2.69,-1.34,2.98,3.75,-3.75,-1.17,-1.21,-6.44,-0.77,-1.35
10768.08,-2.89,-1.13,2.77,3.66,-3.66,-1.09,-1.11,-6.55,-0.90,-1.75
10875.76,-3.07,-0.84,2.54,3.57,-3.57,-1.01,-1.02,-6.64,-1.03,-2.24
10984.52,-3.25,-0.46,2.31,3.47,-3.47,-0.95,-0.93,-6.72,-1.16,-2.79
11094.36,-3.41,-0.08,2.08,3.37,-3.37,-0.88,-0.84,-6.79,-1.29,-3.34
11205.31,-3.57,0.32,1.84,3.27,-3.27,-0.82,-0.75,-6.83,-1.43,-3.88
11317.36,-3.68,0.69,1.60,3.16,-3.16,-0.77,-0.66,-6.84,-1.56,-4.37
11430.53,-3.77,0.99,1.35,3.04,-3.04,-0.72,-0.57,-6.81,-1.69,-4.76
11544.84,-3.79,1.30,1.10,2.93,-2.93,-0.67,-0.49,-6.71,-1.83,-5.09
11660.29,-3.75,1.62,0.84,2.80,-2.80,-0.63,-0.40,-6.55,-1.96,-5.37
11776.89,-3.65,1.94,0.58,2.68,-2.68,-0.59,-0.31,-6.33,-2.10,-5.59
11894.66,-3.40,2.38,0.31,2.55,-2.55,-0.55,-0.23,-5.94,-2.24,-5.78
12013.60,-3.11,2.80,0.04,2.41,-2.41,-0.52,-0.14,-5.53,-2.37,-5.92
12133.74,-2.73,3.27,-0.24,2.27,-2.27,-0.48,-0.05,-5.00,-2.51,-6.00
12255.08,-2.20,3.87,-0.52,2.13,-2.13,-0.45,0.03,-4.33,-2.65,-6.07
12377.63,-1.59,4.55,-0.80,1.98,-1.98,-0.43,0.12,-3.57,-2.79,-6.14
12501.41,-0.88,5.26,-1.10,1.83,-1.83,-0.40,0.21,-2.72,-2.93,-6.14
12626.42,-0.08,6.06,-1.39,1.68,-1.68,-0.38,0.31,-1.75,-3.07,-6.14
12752.68,0.75,6.88,-1.69,1.52,-1.52,-0.35,0.40,-0.77,-3.21,-6.14
12880.21,1.41,7.48,-2.00,1.35,-1.35,-0.33,0.50,0.06,-3.35,-6.07
13009.01,1.99,7.95,-2.31,1.18,-1.18,-0.31,0.60,0.81,-3.49,-5.96
13139.10,2.56,8.40,-2.62,1.01,-1.01,-0.29,0.71,1.55,-3.63,-5.83
13270.49,2.61,8.38,-2.94,0.83,-0.83,-0.27,0.82,1.78,-3.77,-5.76
13403.20,2.48,8.08,-3.27,0.65,-0.65,-0.26,0.93,1.83,-3.92,-5.60
13537.23,1.87,7.28,-3.60,0.47,-0.47,-0.24,1.05,1.40,-4.06,-5.41
13672.60,1.06,6.33,-3.93,0.28,-0.28,-0.23,1.18,0.78,-4.21,-5.27
13809.33,0.07,5.15,-4.27,0.08,-0.08,-0.21,1.32,-0.01,-4.35,-5.08
13947.42,-1.09,3.77,-4.61,-0.12,0.12,-0.20,1.46,-0.97,-4.50,-4.85
14086.90,-2.23,2.35,-4.96,-0.32,0.32,-0.19,1.61,-1.91,-4.64,-4.58
14227.77,-3.36,0.94,-5.31,-0.53,0.53,-0.18,1.77,-2.84,-4.79,-4.30
14370.04,-4.40,-0.43,-5.67,-0.74,0.74,-0.17,1.94,-3.66,-4.94,-3.97
14513.74,-5.31,-1.75,-6.04,-0.95,0.95,-0.16,2.12,-4.36,-5.08,-3.56
14658.88,-5.99,-2.85,-6.40,-1.17,1.17,-0.15,2.30,-4.82,-5.23,-3.14
14805.47,-6.57,-3.80,-6.78,-1.39,1.39,-0.14,2.49,-5.18,-5.38,-2.76
14953.52,-6.96,-4.53,-7.15,-1.62,1.62,-0.13,2.68,-5.34,-5.53,-2.43
15103.06,-7.16,-4.94,-7.54,-1.85,1.85,-0.12,2.88,-5.31,-5.68,-2.22
15254.09,-7.27,-5.21,-7.92,-2.09,2.09,-0.11,3.06,-5.18,-5.83,-2.06
15406.63,-7.13,-5.19,-8.31,-2.33,2.33,-0.11,3.24,-4.80,-5.98,-1.94
15560.70,-6.93,-4.99,-8.71,-2.57,2.58,-0.10,3.39,-4.35,-6.13,-1.94
15716.30,-6.63,-4.68,-9.11,-2.82,2.83,-0.09,3.51,-3.80,-6.29,-1.94
15873.47,-6.31,-4.36,-9.52,-3.08,3.08,-0.09,3.59,-3.24,-6.44,-1.96
16032.20,-6.05,-4.02,-9.93,-3.33,3.33,-0.08,3.61,-2.71,-6.60,-2.03
16192.52,-5.94,-3.79,-10.34,-3.59,3.59,-0.07,3.59,-2.35,-6.75,-2.15
16354.45,-6.09,-3.77,-10.76,-3.86,3.85,-0.07,3.50,-2.24,-6.92,-2.31
16517.99,-6.42,-3.90,-11.19,-4.13,4.11,-0.06,3.37,-2.31,-7.08,-2.52
16683.17,-7.15,-4.24,-11.62,-4.40,4.38,-0.06,3.18,-2.78,-7.24,-2.92
16850.01,-8.12,-4.76,-12.06,-4.68,4.66,-0.05,2.96,-3.46,-7.40,-3.36
17018.51,-9.26,-5.41,-12.49,-4.97,4.93,-0.05,2.72,-4.32,-7.56,-3.84
17188.69,-10.59,-6.20,-12.94,-5.25,5.19,-0.05,2.47,-5.41,-7.75,-4.39
17360.58,-11.96,-7.01,-13.39,-5.54,5.42,-0.04,2.21,-6.54,-7.97,-4.94
17534.18,-13.31,-7.81,-13.84,-5.84,5.61,-0.04,1.97,-7.69,-8.23,-5.50
17709.53,-14.55,-8.51,-14.30,-6.14,5.78,-0.04,1.74,-8.78,-8.53,-6.05
17886.62,-15.64,-9.04,-14.77,-6.44,5.90,-0.03,1.52,-9.74,-8.87,-6.60
18065.49,-16.59,-9.42,-15.23,-6.75,5.98,-0.03,1.32,-10.61,-9.25,-7.18
18246.14,-17.40,-9.54,-15.71,-7.06,6.03,-0.03,1.14,-11.37,-9.68,-7.86
18428.60,-18.03,-9.33,-16.19,-7.38,6.05,-0.02,0.99,-11.99,-10.14,-8.71
18612.89,-18.63,-8.92,-16.67,-7.70,6.04,-0.02,0.84,-12.58,-10.62,-9.70
18799.02,-19.22,-8.28,-17.16,-8.02,6.06,-0.02,0.72,-13.16,-11.09,-10.94
18987.01,-19.88,-7.58,-17.65,-8.35,6.07,-0.02,0.61,-13.81,-11.58,-12.30
19176.88,-20.75,-7.09,-18.15,-8.69,6.06,-0.01,0.51,-14.69,-12.08,-13.66
19368.65,-21.79,-6.82,-18.65,-9.02,6.04,-0.01,0.42,-15.74,-12.60,-14.96
19562.33,-22.94,-7.49,-19.15,-9.37,6.01,-0.01,0.35,-16.93,-13.14,-15.46
19757.96,-24.17,-8.27,-19.67,-9.71,5.97,-0.01,0.28,-18.20,-13.69,-15.90
19955.54,-25.39,-9.05,-20.18,-10.06,5.92,-0.01,0.21,-19.47,-14.27,-16.34
